 YYYYMMDD HHMM   SST Q
 19790121 1200 23.81 2
 19790126 1200 24.12 2
 19790131 1200 25.50 2
 19790205 1200 26.54 2
 19790210 1200 26.18 2
 19790215 1200 25.02 2
 19790220 1200 25.28 2
 19790225 1200 25.83 2
 19790302 1200 26.09 2
 19790307 1200 27.20 2
 19790312 1200 26.90 2
 19790317 1200 27.26 2
 19790322 1200 28.07 2
 19790327 1200 27.46 2
 19790401 1200 26.69 2
 19790406 1200 26.98 2
 19790411 1200 27.04 2
 19790416 1200 27.52 2
 19790421 1200 26.95 2
 19790426 1200 26.84 2
 19790501 1200 28.20 2
 19791028 1200 24.74 2
 19791102 1200 23.30 2
 19791107 1200 24.03 2
 19791112 1200 24.57 2
 19791117 1200 22.98 2
 19791122 1200 22.32 2
 19791127 1200 22.97 2
 19791202 1200 23.30 2
 19791207 1200 24.78 2
 19791212 1200 25.16 2
 19791217 1200 24.59 2
 19791222 1200 23.75 2
 19791227 1200 23.87 2
 19800101 1200 24.00 2
 19800106 1200 24.40 2
 19800111 1200 23.84 2
 19800116 1200 23.81 2
 19800121 1200 24.39 2
 19800126 1200 24.56 2
 19800131 1200 24.83 2
 19800205 1200 25.46 2
 19800210 1200 24.95 2
 19800215 1200 24.44 2
 19800220 1200 25.31 2
 19800225 1200 25.85 2
 19800301 1200 26.14 2
 19800814 1200 23.00 2
 19800819 1200 22.31 2
 19800824 1200 22.35 2
 19800829 1200 24.56 2
 19800903 1200 24.27 2
 19800908 1200 22.08 2
 19800913 1200 22.12 2
 19800918 1200 23.26 2
 19800923 1200 24.54 2
 19800928 1200 22.20 2
 19801003 1200 22.23 2
 19801008 1200 21.56 2
 19801013 1200 21.75 2
 19801018 1200 20.82 2
 19801023 1200 21.58 2
 19801028 1200 22.17 2
 19801102 1200 23.19 2
 19801107 1200 24.37 2
 19801112 1200 23.60 2
 19801117 1200 22.68 2
 19801122 1200 22.75 2
 19801127 1200 24.33 2
 19801202 1200 22.79 2
 19801207 1200 22.54 2
 19801212 1200 23.46 2
 19801217 1200 25.86 2
 19801222 1200 23.81 2
 19801227 1200 23.00 2
 19810101 1200 22.81 2
 19810106 1200 22.84 2
 19810111 1200 22.99 2
 19810116 1200 22.98 2
 19810121 1200 23.31 2
 19810126 1200 23.31 2
 19810131 1200 23.11 2
 19810205 1200 23.56 2
 19810210 1200 26.12 2
 19810215 1200 24.95 2
 19810220 1200 23.34 2
 19810225 1200 24.00 2
 19810302 1200 24.76 2
 19810307 1200 24.52 2
 19810312 1200 24.81 2
 19810317 1200 26.20 2
 19810322 1200 27.47 2
 19810327 1200 27.26 2
 19810401 1200 26.21 2
 19810406 1200 25.88 2
 19810411 1200 25.88 2
 19810416 1200 26.03 2
 19810421 1200 26.06 2
 19810426 1200 25.82 2
 19810501 1200 25.96 2
 19810506 1200 26.11 2
 19810511 1200 26.37 2
 19810516 1200 25.42 2
 19810521 1200 25.17 2
 19810526 1200 25.61 2
 19810531 1200 25.49 2
 19810605 1200 25.36 2
 19810610 1200 23.58 2
 19810615 1200 23.96 2
 19810620 1200 25.57 2
 19810625 1200 25.63 2
 19810630 1200 24.86 2
 19810705 1200 23.87 2
 19810710 1200 25.06 2
 19810715 1200 25.03 2
 19810720 1200 22.32 2
 19810725 1200 21.99 2
 19810730 1200 21.32 2
 19810804 1200 21.18 2
 19810809 1200 20.29 2
 19810814 1200 20.99 2
 19810819 1200 22.66 2
 19810824 1200 24.14 2
 19810829 1200 23.98 2
 19810903 1200 21.78 2
 19810908 1200 21.80 2
 19810913 1200 22.86 2
 19810918 1200 24.22 2
 19810923 1200 22.50 2
 19810928 1200 21.61 2
 19811003 1200 23.05 2
 19811008 1200 23.63 2
 19811013 1200 22.74 2
 19811018 1200 22.11 2
 19811023 1200 24.21 2
 19811028 1200 23.43 2
