 19790121 1200 23.93 2
 19790126 1200 24.14 2
 19790131 1200 24.20 2
 19790205 1200 25.84 2
 19790210 1200 25.11 2
 19790215 1200 25.11 2
 19790220 1200 25.21 2
 19790225 1200 25.43 2
 19790302 1200 25.67 2
 19790307 1200 25.82 2
 19790312 1200 26.21 2
 19790317 1200 26.34 2
 19790322 1200 27.22 2
 19790327 1200 26.56 2
 19790401 1200 27.37 2
 19790406 1200 27.51 2
 19790411 1200 26.82 2
 19790416 1200 26.75 2
 19790421 1200 26.56 2
 19790426 1200 27.11 2
 19790501 1200 27.25 2
 19791028 1200 23.26 2
 19791102 1200 23.19 2
 19791107 1200 23.36 2
 19791112 1200 23.00 2
 19791117 1200 22.77 2
 19791122 1200 23.43 2
 19791127 1200 23.57 2
 19791202 1200 23.53 2
 19791207 1200 23.81 2
 19791212 1200 24.09 2
 19791217 1200 23.96 2
 19791222 1200 24.05 2
 19791227 1200 23.82 2
 19800101 1200 23.24 2
 19800106 1200 23.52 2
 19800111 1200 23.93 2
 19800116 1200 24.38 2
 19800121 1200 24.35 2
 19800126 1200 24.47 2
 19800131 1200 24.62 2
 19800205 1200 24.66 2
 19800210 1200 24.76 2
 19800215 1200 25.19 2
 19800220 1200 24.97 2
 19800225 1200 24.80 2
 19800301 1200 25.41 2
 19800814 1200 21.84 2
 19800819 1200 22.50 2
 19800824 1200 22.03 2
 19800829 1200 22.63 2
 19800903 1200 22.66 2
 19800908 1200 22.10 2
 19800913 1200 22.30 2
 19800918 1200 22.31 2
 19800923 1200 22.63 2
 19800928 1200 21.98 2
 19801003 1200 22.38 2
 19801008 1200 21.24 2
 19801013 1200 20.88 2
 19801018 1200 21.26 2
 19801023 1200 21.95 2
 19801028 1200 22.27 2
 19801102 1200 22.57 2
 19801107 1200 24.20 2
 19801112 1200 22.79 2
 19801117 1200 23.02 2
 19801122 1200 22.48 2
 19801127 1200 23.55 2
 19801202 1200 22.43 2
 19801207 1200 23.01 2
 19801212 1200 23.08 2
 19801217 1200 24.27 2
 19801222 1200 23.53 2
 19801227 1200 23.31 2
 19810101 1200 22.63 2
 19810106 1200 22.49 2
 19810111 1200 22.66 2
 19810116 1200 22.88 2
 19810121 1200 23.02 2
 19810126 1200 22.68 2
 19810131 1200 23.03 2
 19810205 1200 23.54 2
 19810210 1200 24.46 2
 19810215 1200 23.73 2
 19810220 1200 23.85 2
 19810225 1200 24.16 2
 19810302 1200 24.10 2
 19810307 1200 24.82 2
 19810312 1200 24.96 2
 19810317 1200 25.66 2
 19810322 1200 26.78 2
 19810327 1200 26.92 2
 19810401 1200 25.75 2
 19810406 1200 25.52 2
 19810411 1200 25.58 2
 19810416 1200 25.80 2
 19810421 1200 26.29 2
 19810426 1200 26.22 2
 19810501 1200 25.84 2
 19810506 1200 25.77 2
 19810511 1200 26.04 2
 19810516 1200 25.52 2
 19810521 1200 25.07 2
 19810526 1200 24.43 2
 19810531 1200 23.88 2
 19810605 1200 23.86 2
 19810610 1200 23.83 2
 19810615 1200 24.48 2
 19810620 1200 24.32 2
 19810625 1200 24.05 2
 19810630 1200 23.63 2
 19810705 1200 23.71 2
 19810710 1200 23.58 2
