 Location:  0N 156E  29 Aug 1991 to 10 Jun 2018 ( 1956 times,  8 blocks) Gen. Date Jun 13 2018
 Units: Sea Surface Temperature (C), -9.99 = missing
 Time: 1200 29 Aug 1991 to 1200 13 Oct 1991 (index     1 to    10,   10 times)
 Depth (M):        1 QUALITY
 YYYYMMDD HHMM   SST Q
 19910829 1200 29.77 2
 19910903 1200 29.30 2
 19910908 1200 29.14 2
 19910913 1200 29.04 2
 19910918 1200 29.10 2
 19910923 1200 29.03 2
 19910928 1200 28.91 2
 19911003 1200 29.36 2
 19911008 1200 29.37 2
 19911013 1200 29.67 2
 Time: 1200  1 Mar 1992 to 1200 22 Dec 1992 (index    38 to    97,   60 times)
 Depth (M):        1 QUALITY
 YYYYMMDD HHMM   SST Q
 19920301 1200 28.91 2
 19920307 1200 28.82 2
 19920312 1200 28.84 2
 19920317 1200 29.15 2
 19920322 1200 28.87 2
 19920327 1200 28.93 2
 19920401 1200 29.17 2
 19920406 1200 29.42 2
 19920411 1200 29.31 2
 19920416 1200 29.31 2
 19920421 1200 29.72 2
 19920426 1200 29.56 2
 19920501 1200 29.45 2
 19920506 1200 29.61 2
 19920511 1200 29.53 2
 19920516 1200 29.26 2
 19920521 1200 29.39 2
 19920526 1200 29.58 2
 19920531 1200 29.67 2
 19920605 1200 29.57 2
 19920610 1200 29.69 2
 19920615 1200 30.12 2
 19920620 1200 29.48 2
 19920625 1200 29.20 2
 19920630 1200 28.98 2
 19920705 1200 29.08 2
 19920710 1200 29.37 2
 19920715 1200 29.28 2
 19920720 1200 29.26 2
 19920725 1200 29.40 2
 19920730 1200 29.05 2
 19920804 1200 29.16 2
 19920809 1200 29.21 2
 19920814 1200 29.42 2
 19920819 1200 29.47 2
 19920824 1200 29.48 2
 19920829 1200 29.40 2
 19920903 1200 29.29 2
 19920908 1200 29.57 2
 19920913 1200 29.24 2
 19920918 1200 29.35 2
 19920923 1200 29.18 2
 19920928 1200 29.29 2
 19921003 1200 29.45 2
 19921008 1200 29.92 2
 19921013 1200 29.81 2
 19921018 1200 30.07 2
 19921023 1200 29.75 2
 19921028 1200 29.43 2
 19921102 1200 29.33 2
 19921107 1200 29.15 2
 19921112 1200 28.99 2
 19921117 1200 29.40 2
 19921122 1200 29.49 2
 19921127 1200 29.49 2
 19921202 1200 29.80 2
 19921207 1200 29.85 2
 19921212 1200 29.83 2
 19921217 1200 29.75 2
 19921222 1200 29.50 2
 Time: 1200 10 Feb 1993 to 1200 12 Dec 1994 (index   107 to   241,  135 times)
 Depth (M):        1 QUALITY
 YYYYMMDD HHMM   SST Q
 19930210 1200 29.16 2
 19930215 1200 29.32 2
 19930220 1200 29.29 2
 19930225 1200 29.24 2
 19930302 1200 29.34 2
 19930307 1200 29.07 2
 19930312 1200 29.06 2
 19930317 1200 29.42 2
 19930322 1200 28.86 2
 19930327 1200 29.25 2
 19930401 1200 29.53 2
 19930406 1200 29.49 2
 19930411 1200 29.28 2
 19930416 1200 29.07 2
 19930421 1200 29.30 2
 19930426 1200 29.31 2
 19930501 1200 29.13 2
 19930506 1200 29.30 2
 19930511 1200 29.08 2
 19930516 1200 29.07 2
 19930521 1200 29.33 2
 19930526 1200 29.50 2
 19930531 1200 29.54 2
 19930605 1200 29.90 2
 19930610 1200 29.28 2
 19930615 1200 28.94 2
 19930620 1200 28.90 2
 19930625 1200 28.91 2
 19930630 1200 29.14 2
 19930705 1200 29.40 2
 19930710 1200 29.66 2
 19930715 1200 29.26 2
 19930720 1200 28.77 2
 19930725 1200 29.27 2
 19930730 1200 28.89 2
 19930804 1200 28.36 2
 19930809 1200 28.56 2
 19930814 1200 28.36 2
 19930819 1200 27.66 2
 19930824 1200 28.75 2
 19930829 1200 28.46 2
 19930903 1200 28.71 2
 19930908 1200 28.98 2
 19930913 1200 29.08 2
 19930918 1200 29.09 2
 19930923 1200 29.12 2
 19930928 1200 29.04 2
 19931003 1200 28.65 2
 19931008 1200 28.89 2
 19931013 1200 28.84 2
 19931018 1200 28.86 2
 19931023 1200 29.11 2
 19931028 1200 29.10 2
 19931102 1200 29.32 2
 19931107 1200 29.60 2
 19931112 1200 29.78 2
 19931117 1200 29.51 2
 19931122 1200 30.35 2
 19931127 1200 30.16 2
 19931202 1200 30.28 2
 19931207 1200 29.72 2
 19931212 1200 29.67 2
 19931217 1200 29.67 2
 19931222 1200 29.19 2
 19931227 1200 29.33 2
 19940101 1200 29.31 2
 19940106 1200 29.60 2
 19940111 1200 29.60 2
 19940116 1200 29.85 2
 19940121 1200 29.99 2
 19940126 1200 29.65 2
 19940131 1200 30.02 2
 19940205 1200 30.00 2
 19940210 1200 29.86 2
 19940215 1200 29.61 2
 19940220 1200 29.51 2
 19940225 1200 29.53 2
 19940302 1200 29.67 2
 19940307 1200 30.21 2
 19940312 1200 29.98 2
 19940317 1200 30.31 2
 19940322 1200 29.67 2
 19940327 1200 29.56 2
 19940401 1200 29.69 2
 19940406 1200 29.76 2
 19940411 1200 29.79 2
 19940416 1200 29.87 2
 19940421 1200 29.73 2
 19940426 1200 29.84 2
 19940501 1200 29.84 2
 19940506 1200 29.86 2
 19940511 1200 29.75 2
 19940516 1200 29.56 2
 19940521 1200 29.85 2
 19940526 1200 29.86 2
 19940531 1200 29.90 2
 19940605 1200 29.69 2
 19940610 1200 29.52 2
 19940615 1200 29.85 2
 19940620 1200 29.70 2
 19940625 1200 29.62 2
 19940630 1200 29.83 2
 19940705 1200 29.51 2
 19940710 1200 29.64 2
 19940715 1200 29.48 2
 19940720 1200 28.96 2
 19940725 1200 28.83 2
 19940730 1200 28.76 2
 19940804 1200 29.12 2
 19940809 1200 29.28 2
 19940814 1200 29.40 2
 19940819 1200 29.12 2
 19940824 1200 29.07 2
 19940829 1200 29.08 2
 19940903 1200 29.30 2
 19940908 1200 28.76 2
 19940913 1200 28.63 2
 19940918 1200 29.02 2
 19940923 1200 29.11 2
 19940928 1200 29.00 2
 19941003 1200 28.98 2
 19941008 1200 29.42 2
 19941013 1200 29.19 2
 19941018 1200 29.32 2
 19941023 1200 29.53 2
 19941028 1200 29.61 2
 19941102 1200 29.30 2
 19941107 1200 29.33 2
 19941112 1200 29.25 2
 19941117 1200 29.40 2
 19941122 1200 29.81 2
 19941127 1200 30.27 2
 19941202 1200 30.09 2
 19941207 1200 29.51 2
 19941212 1200 29.26 2
 Time: 1200 20 Jul 1995 to 1200 30 Jun 1998 (index   285 to   500,  216 times)
 Depth (M):        1 QUALITY
 YYYYMMDD HHMM   SST Q
 19950720 1200 29.91 1
 19950725 1200 29.91 1
 19950730 1200 29.76 1
 19950804 1200 29.52 1
 19950809 1200 29.32 1
 19950814 1200 29.20 1
 19950819 1200 29.23 1
 19950824 1200 29.38 1
 19950829 1200 29.16 1
 19950903 1200 28.71 1
 19950908 1200 29.44 1
 19950913 1200 29.56 1
 19950918 1200 29.18 1
 19950923 1200 29.46 1
 19950928 1200 29.61 1
 19951003 1200 29.35 1
 19951008 1200 29.66 1
 19951013 1200 29.58 1
 19951018 1200 29.73 1
 19951023 1200 29.49 1
 19951028 1200 29.19 1
 19951102 1200 28.98 1
 19951107 1200 29.06 1
 19951112 1200 29.35 1
 19951117 1200 29.46 1
 19951122 1200 29.67 1
 19951127 1200 29.87 1
 19951202 1200 30.26 1
 19951207 1200 30.20 1
 19951212 1200 30.48 1
 19951217 1200 30.49 1
 19951222 1200 30.42 1
 19951227 1200 30.16 1
 19960101 1200 30.35 1
 19960106 1200 30.49 1
 19960111 1200 30.65 1
 19960116 1200 30.43 1
 19960121 1200 30.40 1
 19960126 1200 30.60 1
 19960131 1200 30.68 1
 19960205 1200 30.56 1
 19960210 1200 30.55 1
 19960215 1200 30.74 1
 19960220 1200 30.27 1
 19960225 1200 30.04 1
 19960301 1200 30.17 1
 19960307 1200 30.05 1
 19960312 1200 30.02 1
 19960317 1200 29.99 1
 19960322 1200 29.88 1
 19960327 1200 29.89 1
 19960401 1200 29.36 1
 19960406 1200 29.40 1
 19960411 1200 29.34 1
 19960416 1200 29.31 1
 19960421 1200 29.43 1
 19960426 1200 29.68 1
 19960501 1200 29.46 1
 19960506 1200 29.33 1
 19960511 1200 29.33 1
 19960516 1200 29.59 1
 19960521 1200 29.72 1
 19960526 1200 30.16 1
 19960531 1200 30.09 1
 19960605 1200 30.11 1
 19960610 1200 29.93 1
 19960615 1200 29.72 1
 19960620 1200 29.65 1
 19960625 1200 29.97 1
 19960630 1200 29.75 1
 19960705 1200 29.49 1
 19960710 1200 29.42 1
 19960715 1200 29.26 1
 19960720 1200 29.44 1
 19960725 1200 29.77 1
 19960730 1200 29.71 1
 19960804 1200 29.83 1
 19960809 1200 30.05 1
 19960814 1200 29.94 1
 19960819 1200 29.76 1
 19960824 1200 29.53 1
 19960829 1200 29.49 1
 19960903 1200 29.78 1
 19960908 1200 29.93 1
 19960913 1200 30.14 1
 19960918 1200 30.33 1
 19960923 1200 30.17 1
 19960928 1200 30.03 1
 19961003 1200 29.78 1
 19961008 1200 29.85 1
 19961013 1200 30.00 1
 19961018 1200 29.63 1
 19961023 1200 29.50 1
 19961028 1200 29.56 1
 19961102 1200 29.82 1
 19961107 1200 29.67 1
 19961112 1200 29.54 1
 19961117 1200 29.93 1
 19961122 1200 29.68 1
 19961127 1200 29.74 1
 19961202 1200 29.88 1
 19961207 1200 30.33 1
 19961212 1200 30.48 1
 19961217 1200 30.06 1
 19961222 1200 29.74 1
 19961227 1200 29.71 1
 19970101 1200 29.57 1
 19970106 1200 29.71 1
 19970111 1200 29.66 1
 19970116 1200 29.48 1
 19970121 1200 29.51 1
 19970126 1200 29.72 1
 19970131 1200 29.42 1
 19970205 1200 29.61 1
 19970210 1200 29.62 1
 19970215 1200 30.03 1
 19970220 1200 29.89 1
 19970225 1200 29.56 1
 19970302 1200 29.49 1
 19970307 1200 29.45 1
 19970312 1200 29.43 1
 19970317 1200 29.31 1
 19970322 1200 29.48 1
 19970327 1200 29.62 1
 19970401 1200 30.18 1
 19970406 1200 29.67 1
 19970411 1200 29.50 1
 19970416 1200 29.29 1
 19970421 1200 29.25 1
 19970426 1200 29.47 1
 19970501 1200 29.68 1
 19970506 1200 29.72 1
 19970511 1200 29.55 1
 19970516 1200 29.44 1
 19970521 1200 29.38 1
 19970526 1200 29.16 1
 19970531 1200 29.20 1
 19970605 1200 29.15 1
 19970610 1200 29.24 1
 19970615 1200 29.00 1
 19970620 1200 29.15 1
 19970625 1200 29.34 1
 19970630 1200 29.48 1
 19970705 1200 29.38 1
 19970710 1200 29.64 1
 19970715 1200 29.34 1
 19970720 1200 28.92 1
 19970725 1200 28.75 1
 19970730 1200 28.69 1
 19970804 1200 28.38 1
 19970809 1200 28.55 2
 19970814 1200 28.61 2
 19970819 1200 28.64 2
 19970824 1200 28.92 2
 19970829 1200 28.89 2
 19970903 1200 28.59 2
 19970908 1200 28.68 2
 19970913 1200 28.62 2
 19970918 1200 28.62 2
 19970923 1200 28.92 2
 19970928 1200 29.23 2
 19971003 1200 28.64 2
 19971008 1200 28.66 2
 19971013 1200 28.54 2
 19971018 1200 28.86 2
 19971023 1200 28.78 2
 19971028 1200 28.62 2
 19971102 1200 28.38 2
 19971107 1200 28.73 2
 19971112 1200 29.09 2
 19971117 1200 29.54 2
 19971122 1200 29.90 2
 19971127 1200 29.85 2
 19971202 1200 30.07 2
 19971207 1200 30.02 2
 19971212 1200 29.90 2
 19971217 1200 29.74 2
 19971222 1200 29.89 2
 19971227 1200 29.64 2
 19980101 1200 29.34 2
 19980106 1200 29.12 2
 19980111 1200 29.20 2
 19980116 1200 29.19 2
 19980121 1200 28.49 2
 19980126 1200 28.51 2
 19980131 1200 29.01 2
 19980205 1200 28.26 2
 19980210 1200 28.08 2
 19980215 1200 28.56 2
 19980220 1200 28.81 2
 19980225 1200 28.01 2
 19980302 1200 27.66 2
 19980307 1200 28.44 2
 19980312 1200 29.43 2
 19980317 1200 28.87 2
 19980322 1200 28.19 2
 19980327 1200 28.42 2
 19980401 1200 28.23 2
 19980406 1200 27.88 2
 19980411 1200 28.33 2
 19980416 1200 28.13 2
 19980421 1200 28.38 2
 19980426 1200 28.85 2
 19980501 1200 29.10 2
 19980506 1200 29.32 2
 19980511 1200 28.99 2
 19980516 1200 28.55 2
 19980521 1200 29.25 2
 19980526 1200 29.50 2
 19980531 1200 29.40 2
 19980605 1200 28.96 2
 19980610 1200 29.24 2
 19980615 1200 28.92 2
 19980620 1200 29.22 2
 19980625 1200 29.27 2
 19980630 1200 29.35 2
 Time: 1200 24 Aug 1998 to 1200  8 Sep 1999 (index   511 to   587,   77 times)
 Depth (M):        1 QUALITY
 YYYYMMDD HHMM   SST Q
 19980824 1200 28.66 2
 19980829 1200 29.47 2
 19980903 1200 29.32 2
 19980908 1200 29.46 2
 19980913 1200 29.08 2
 19980918 1200 29.15 2
 19980923 1200 28.79 2
 19980928 1200 28.59 2
 19981003 1200 28.87 2
 19981008 1200 28.82 2
 19981013 1200 28.99 2
 19981018 1200 29.36 2
 19981023 1200 29.24 2
 19981028 1200 28.85 2
 19981102 1200 28.97 2
 19981107 1200 28.80 2
 19981112 1200 28.64 2
 19981117 1200 28.95 2
 19981122 1200 29.56 2
 19981127 1200 29.72 2
 19981202 1200 29.72 2
 19981207 1200 29.68 2
 19981212 1200 29.60 2
 19981217 1200 29.93 2
 19981222 1200 30.50 2
 19981227 1200 30.14 2
 19990101 1200 29.93 2
 19990106 1200 29.85 2
 19990111 1200 29.86 2
 19990116 1200 29.79 2
 19990121 1200 29.40 2
 19990126 1200 28.76 2
 19990131 1200 28.18 2
 19990205 1200 28.32 2
 19990210 1200 28.43 2
 19990215 1200 27.76 2
 19990220 1200 28.24 2
 19990225 1200 28.22 2
 19990302 1200 28.31 2
 19990307 1200 28.07 2
 19990312 1200 28.01 2
 19990317 1200 28.03 2
 19990322 1200 27.96 2
 19990327 1200 27.89 2
 19990401 1200 28.23 2
 19990406 1200 28.62 2
 19990411 1200 28.29 2
 19990416 1200 28.31 2
 19990421 1200 28.43 2
 19990426 1200 28.73 2
 19990501 1200 28.89 2
 19990506 1200 28.75 2
 19990511 1200 28.69 2
 19990516 1200 28.71 2
 19990521 1200 28.88 2
 19990526 1200 28.83 2
 19990531 1200 28.97 2
 19990605 1200 29.10 2
 19990610 1200 29.12 2
 19990615 1200 29.18 2
 19990620 1200 29.53 2
 19990625 1200 29.48 2
 19990630 1200 29.33 2
 19990705 1200 29.18 2
 19990710 1200 29.22 2
 19990715 1200 29.24 2
 19990720 1200 29.18 2
 19990725 1200 29.40 2
 19990730 1200 29.33 2
 19990804 1200 29.26 2
 19990809 1200 29.26 2
 19990814 1200 29.21 2
 19990819 1200 29.49 2
 19990824 1200 29.36 2
 19990829 1200 29.41 2
 19990903 1200 29.53 2
 19990908 1200 29.47 2
 Time: 1200 12 Nov 1999 to 1200  6 May 2007 (index   600 to  1146,  547 times)
 Depth (M):      1.5 QUALITY
 YYYYMMDD HHMM   SST Q
 19991112 1200 29.43 1
 19991117 1200 29.77 1
 19991122 1200 29.52 1
 19991127 1200 29.50 1
 19991202 1200 29.48 1
 19991207 1200 29.37 1
 19991212 1200 29.20 1
 19991217 1200 28.98 1
 19991222 1200 29.03 1
 19991227 1200 29.67 1
 20000101 1200 29.84 1
 20000106 1200 29.32 1
 20000111 1200 29.22 1
 20000116 1200 29.34 1
 20000121 1200 29.87 1
 20000126 1200 29.95 1
 20000131 1200 29.91 1
 20000205 1200 29.81 1
 20000210 1200 29.59 1
 20000215 1200 29.37 1
 20000220 1200 28.82 1
 20000225 1200 28.55 1
 20000301 1200 28.47 1
 20000307 1200 28.65 1
 20000312 1200 29.00 1
 20000317 1200 28.41 1
 20000322 1200 28.36 1
 20000327 1200 28.38 1
 20000401 1200 28.30 1
 20000406 1200 28.44 1
 20000411 1200 28.20 1
 20000416 1200 28.30 1
 20000421 1200 28.34 1
 20000426 1200 28.65 1
 20000501 1200 28.64 1
 20000506 1200 28.50 1
 20000511 1200 28.91 1
 20000516 1200 29.03 1
 20000521 1200 29.08 1
 20000526 1200 28.90 1
 20000531 1200 29.06 1
 20000605 1200 28.94 1
 20000610 1200 29.02 1
 20000615 1200 29.10 1
 20000620 1200 29.05 1
 20000625 1200 28.99 1
 20000630 1200 28.94 1
 20000705 1200 28.92 1
 20000710 1200 29.53 1
 20000715 1200 29.58 1
 20000720 1200 29.44 1
 20000725 1200 29.34 1
 20000730 1200 29.51 1
 20000804 1200 29.50 1
 20000809 1200 29.47 1
 20000814 1200 29.57 1
 20000819 1200 29.49 1
 20000824 1200 29.60 1
 20000829 1200 29.57 1
 20000903 1200 29.69 1
 20000908 1200 29.52 1
 20000913 1200 30.12 1
 20000918 1200 30.22 1
 20000923 1200 30.04 1
 20000928 1200 30.37 1
 20001003 1200 29.95 1
 20001008 1200 30.20 1
 20001013 1200 29.98 1
 20001018 1200 29.96 1
 20001023 1200 29.96 1
 20001028 1200 30.01 1
 20001102 1200 30.09 1
 20001107 1200 29.77 1
 20001112 1200 29.80 1
 20001117 1200 29.72 1
 20001122 1200 29.99 1
 20001127 1200 30.47 1
 20001202 1200 30.05 1
 20001207 1200 29.94 1
 20001212 1200 30.34 1
 20001217 1200 30.28 1
 20001222 1200 30.31 1
 20001227 1200 30.21 1
 20010101 1200 30.35 1
 20010106 1200 30.41 1
 20010111 1200 30.27 1
 20010116 1200 30.36 1
 20010121 1200 30.31 1
 20010126 1200 30.36 1
 20010131 1200 29.90 1
 20010205 1200 29.59 1
 20010210 1200 29.77 1
 20010215 1200 29.70 1
 20010220 1200 29.65 1
 20010225 1200 29.26 1
 20010302 1200 29.55 1
 20010307 1200 29.47 1
 20010312 1200 29.66 1
 20010317 1200 29.46 1
 20010322 1200 29.70 1
 20010327 1200 29.97 1
 20010401 1200 29.99 1
 20010406 1200 30.10 1
 20010411 1200 29.94 1
 20010416 1200 29.85 1
 20010421 1200 29.61 1
 20010426 1200 29.56 1
 20010501 1200 29.80 1
 20010506 1200 29.64 1
 20010511 1200 29.54 1
 20010516 1200 29.26 1
 20010521 1200 29.70 1
 20010526 1200 29.62 1
 20010531 1200 29.69 1
 20010605 1200 29.77 1
 20010610 1200 29.94 1
 20010615 1200 29.94 1
 20010620 1200 29.99 1
 20010625 1200 29.78 1
 20010630 1200 29.40 1
 20010705 1200 29.51 1
 20010710 1200 29.58 1
 20010715 1200 29.61 1
 20010720 1200 29.37 1
 20010725 1200 29.35 1
 20010730 1200 29.55 1
 20010804 1200 29.79 1
 20010809 1200 29.67 1
 20010814 1200 29.78 1
 20010819 1200 29.11 1
 20010824 1200 29.21 1
 20010829 1200 29.40 1
 20010903 1200 29.61 1
 20010908 1200 29.93 1
 20010913 1200 30.27 1
 20010918 1200 30.12 1
 20010923 1200 30.23 1
 20010928 1200 30.07 1
 20011003 1200 30.16 1
 20011008 1200 30.49 1
 20011013 1200 30.26 1
 20011018 1200 29.81 1
 20011023 1200 30.16 1
 20011028 1200 30.42 1
 20011102 1200 30.48 1
 20011107 1200 30.64 1
 20011112 1200 30.44 1
 20011117 1200 30.38 1
 20011122 1200 30.56 1
 20011127 1200 30.90 1
 20011202 1200 30.54 1
 20011207 1200 30.23 1
 20011212 1200 29.92 1
 20011217 1200 29.70 1
 20011222 1200 29.73 1
 20011227 1200 30.02 1
 20020101 1200 29.70 1
 20020106 1200 29.41 1
 20020111 1200 29.74 1
 20020116 1200 30.01 1
 20020121 1200 29.87 1
 20020126 1200 29.59 1
 20020131 1200 29.71 1
 20020205 1200 30.23 1
 20020210 1200 30.43 1
 20020215 1200 29.95 1
 20020220 1200 29.98 1
 20020225 1200 29.80 1
 20020302 1200 29.56 1
 20020307 1200 29.47 1
 20020312 1200 29.64 1
 20020317 1200 29.54 1
 20020322 1200 29.49 1
 20020327 1200 29.60 1
 20020401 1200 29.60 1
 20020406 1200 29.59 1
 20020411 1200 29.97 1
 20020416 1200 29.55 1
 20020421 1200 29.67 1
 20020426 1200 30.24 1
 20020501 1200 30.24 1
 20020506 1200 30.08 1
 20020511 1200 30.14 1
 20020516 1200 29.77 1
 20020521 1200 29.68 1
 20020526 1200 29.73 1
 20020531 1200 29.92 1
 20020605 1200 29.88 1
 20020610 1200 29.92 1
 20020615 1200 29.86 1
 20020620 1200 29.71 1
 20020625 1200 29.57 1
 20020630 1200 29.24 1
 20020705 1200 29.45 1
 20020710 1200 29.64 1
 20020715 1200 29.23 1
 20020720 1200 29.55 1
 20020725 1200 29.25 1
 20020730 1200 29.04 1
 20020804 1200 29.40 1
 20020809 1200 29.47 1
 20020814 1200 29.33 1
 20020819 1200 29.28 1
 20020824 1200 29.27 1
 20020829 1200 29.30 1
 20020903 1200 29.19 1
 20020908 1200 29.29 1
 20020913 1200 29.26 1
 20020918 1200 29.44 1
 20020923 1200 29.34 1
 20020928 1200 29.45 1
 20021003 1200 29.28 1
 20021008 1200 29.16 1
 20021013 1200 29.08 1
 20021018 1200 29.14 1
 20021023 1200 29.29 1
 20021028 1200 29.78 1
 20021102 1200 29.81 1
 20021107 1200 30.03 1
 20021112 1200 30.28 1
 20021117 1200 30.01 1
 20021122 1200 29.86 1
 20021127 1200 29.42 1
 20021202 1200 29.22 1
 20021207 1200 29.24 1
 20021212 1200 29.38 1
 20021217 1200 29.51 1
 20021222 1200 29.83 1
 20021227 1200 29.90 1
 20030101 1200 29.60 1
 20030106 1200 29.48 1
 20030111 1200 29.56 1
 20030116 1200 29.51 1
 20030121 1200 29.59 1
 20030126 1200 29.49 1
 20030131 1200 29.34 1
 20030205 1200 29.53 1
 20030210 1200 29.48 1
 20030215 1200 30.05 1
 20030220 1200 29.72 1
 20030225 1200 29.31 1
 20030302 1200 29.47 1
 20030307 1200 29.42 1
 20030312 1200 29.52 1
 20030317 1200 29.51 1
 20030322 1200 29.85 1
 20030327 1200 29.73 1
 20030401 1200 29.94 1
 20030406 1200 29.67 1
 20030411 1200 29.73 1
 20030416 1200 29.85 1
 20030421 1200 30.18 1
 20030426 1200 30.07 1
 20030501 1200 29.92 1
 20030506 1200 30.14 1
 20030511 1200 29.97 1
 20030516 1200 30.08 1
 20030521 1200 29.95 1
 20030526 1200 29.86 1
 20030531 1200 30.16 1
 20030605 1200 29.78 1
 20030610 1200 29.63 1
 20030615 1200 29.69 1
 20030620 1200 29.73 1
 20030625 1200 29.85 1
 20030630 1200 30.17 1
 20030705 1200 30.11 1
 20030710 1200 29.94 1
 20030715 1200 29.99 1
 20030720 1200 29.93 1
 20030725 1200 30.15 1
 20030730 1200 29.92 1
 20030804 1200 29.64 1
 20030809 1200 29.56 1
 20030814 1200 29.72 1
 20030819 1200 29.88 1
 20030824 1200 29.97 1
 20030829 1200 29.92 1
 20030903 1200 30.05 1
 20030908 1200 29.99 1
 20030913 1200 30.37 1
 20030918 1200 30.32 1
 20030923 1200 30.53 1
 20030928 1200 30.36 1
 20031003 1200 30.34 1
 20031008 1200 30.21 1
 20031013 1200 30.56 1
 20031018 1200 30.80 1
 20031023 1200 30.57 1
 20031028 1200 30.61 1
 20031102 1200 30.31 1
 20031107 1200 30.23 1
 20031112 1200 30.19 1
 20031117 1200 30.15 1
 20031122 1200 29.98 1
 20031127 1200 30.06 1
 20031202 1200 30.16 1
 20031207 1200 30.43 1
 20031212 1200 30.63 1
 20031217 1200 30.15 1
 20031222 1200 30.00 1
 20031227 1200 30.05 1
 20040101 1200 29.78 1
 20040106 1200 29.76 1
 20040111 1200 29.91 1
 20040116 1200 29.86 1
 20040121 1200 30.10 1
 20040126 1200 30.15 1
 20040131 1200 29.93 1
 20040205 1200 30.03 1
 20040210 1200 29.86 1
 20040215 1200 29.86 1
 20040220 1200 30.16 1
 20040225 1200 30.21 1
 20040301 1200 30.15 1
 20040307 1200 29.88 1
 20040312 1200 29.81 1
 20040317 1200 29.84 1
 20040322 1200 29.73 1
 20040327 1200 29.78 1
 20040401 1200 29.83 1
 20040406 1200 29.80 1
 20040411 1200 29.87 1
 20040416 1200 29.96 1
 20040421 1200 30.36 1
 20040426 1200 30.13 1
 20040501 1200 30.19 1
 20040506 1200 29.90 1
 20040511 1200 29.86 1
 20040516 1200 30.00 1
 20040521 1200 30.10 1
 20040526 1200 30.05 1
 20040531 1200 30.05 1
 20040605 1200 29.83 1
 20040610 1200 29.81 1
 20040615 1200 29.51 1
 20040620 1200 29.29 1
 20040625 1200 29.25 1
 20040630 1200 29.43 1
 20040705 1200 29.64 1
 20040710 1200 29.51 1
 20040715 1200 29.76 1
 20040720 1200 29.70 1
 20040725 1200 29.82 1
 20040730 1200 29.74 1
 20040804 1200 29.47 1
 20040809 1200 29.08 1
 20040814 1200 28.89 1
 20040819 1200 28.88 1
 20040824 1200 29.03 1
 20040829 1200 29.32 1
 20040903 1200 29.54 1
 20040908 1200 29.33 1
 20040913 1200 29.56 1
 20040918 1200 29.58 1
 20040923 1200 29.68 1
 20040928 1200 29.93 1
 20041003 1200 30.17 1
 20041008 1200 29.75 1
 20041013 1200 29.71 1
 20041018 1200 29.77 1
 20041023 1200 29.87 1
 20041028 1200 29.87 1
 20041102 1200 30.07 1
 20041107 1200 30.07 1
 20041112 1200 30.01 1
 20041117 1200 29.90 1
 20041122 1200 30.16 1
 20041127 1200 30.15 1
 20041202 1200 30.19 1
 20041207 1200 29.92 1
 20041212 1200 29.81 1
 20041217 1200 29.80 1
 20041222 1200 30.02 1
 20041227 1200 30.11 1
 20050101 1200 30.10 1
 20050106 1200 30.01 1
 20050111 1200 29.95 1
 20050116 1200 29.73 1
 20050121 1200 30.10 1
 20050126 1200 29.69 1
 20050131 1200 29.86 1
 20050205 1200 29.72 1
 20050210 1200 29.76 1
 20050215 1200 29.86 1
 20050220 1200 29.95 1
 20050225 1200 29.93 1
 20050302 1200 30.04 1
 20050307 1200 29.94 1
 20050312 1200 29.90 1
 20050317 1200 29.88 1
 20050322 1200 29.92 1
 20050327 1200 29.84 1
 20050401 1200 29.96 1
 20050406 1200 29.95 1
 20050411 1200 29.93 1
 20050416 1200 29.94 1
 20050421 1200 29.76 1
 20050426 1200 29.80 1
 20050501 1200 29.90 1
 20050506 1200 29.72 1
 20050511 1200 29.78 1
 20050516 1200 30.31 1
 20050521 1200 30.23 1
 20050526 1200 29.95 1
 20050531 1200 29.94 1
 20050605 1200 30.12 1
 20050610 1200 29.87 1
 20050615 1200 29.65 1
 20050620 1200 29.93 1
 20050625 1200 29.94 1
 20050630 1200 30.04 1
 20050705 1200 30.21 1
 20050710 1200 30.37 1
 20050715 1200 30.14 1
 20050720 1200 30.26 1
 20050725 1200 30.11 1
 20050730 1200 29.86 1
 20050804 1200 29.81 1
 20050809 1200 29.56 1
 20050814 1200 29.38 1
 20050819 1200 29.52 1
 20050824 1200 30.00 1
 20050829 1200 29.71 1
 20050903 1200 29.71 1
 20050908 1200 29.73 1
 20050913 1200 29.97 1
 20050918 1200 30.04 1
 20050923 1200 29.90 1
 20050928 1200 29.58 1
 20051003 1200 29.85 1
 20051008 1200 30.08 1
 20051013 1200 29.83 1
 20051018 1200 30.24 1
 20051023 1200 29.92 1
 20051028 1200 30.24 1
 20051102 1200 30.12 1
 20051107 1200 30.33 1
 20051112 1200 30.21 1
 20051117 1200 30.30 1
 20051122 1200 30.38 1
 20051127 1200 30.27 1
 20051202 1200 30.47 1
 20051207 1200 30.51 1
 20051212 1200 30.25 1
 20051217 1200 30.34 1
 20051222 1200 30.14 1
 20051227 1200 30.35 1
 20060101 1200 30.71 1
 20060106 1200 30.74 1
 20060111 1200 30.61 1
 20060116 1200 30.58 1
 20060121 1200 30.59 1
 20060126 1200 30.50 1
 20060131 1200 30.30 1
 20060205 1200 30.17 1
 20060210 1200 29.99 1
 20060215 1200 30.08 1
 20060220 1200 29.91 1
 20060225 1200 29.91 1
 20060302 1200 29.86 1
 20060307 1200 29.68 1
 20060312 1200 29.29 1
 20060317 1200 29.43 1
 20060322 1200 30.14 1
 20060327 1200 30.22 1
 20060401 1200 29.93 1
 20060406 1200 29.97 1
 20060411 1200 30.09 1
 20060416 1200 29.94 1
 20060421 1200 29.99 1
 20060426 1200 29.63 1
 20060501 1200 29.52 1
 20060506 1200 29.60 1
 20060511 1200 30.00 1
 20060516 1200 30.31 1
 20060521 1200 30.36 1
 20060526 1200 30.31 1
 20060531 1200 30.41 1
 20060605 1200 30.42 1
 20060610 1200 30.42 1
 20060615 1200 30.43 1
 20060620 1200 30.25 1
 20060625 1200 30.26 1
 20060630 1200 30.29 1
 20060705 1200 29.80 1
 20060710 1200 29.78 1
 20060715 1200 29.86 1
 20060720 1200 29.86 1
 20060725 1200 29.74 1
 20060730 1200 29.69 1
 20060804 1200 29.45 1
 20060809 1200 29.12 1
 20060814 1200 29.21 1
 20060819 1200 29.30 1
 20060824 1200 29.00 1
 20060829 1200 29.39 1
 20060903 1200 29.55 1
 20060908 1200 29.63 1
 20060913 1200 29.65 1
 20060918 1200 29.96 1
 20060923 1200 29.70 1
 20060928 1200 29.52 1
 20061003 1200 29.48 1
 20061008 1200 29.47 1
 20061013 1200 29.42 1
 20061018 1200 29.33 1
 20061023 1200 29.30 1
 20061028 1200 29.47 1
 20061102 1200 29.31 1
 20061107 1200 29.29 1
 20061112 1200 29.57 1
 20061117 1200 29.93 1
 20061122 1200 30.14 1
 20061127 1200 30.24 1
 20061202 1200 29.89 1
 20061207 1200 29.62 1
 20061212 1200 29.82 1
 20061217 1200 29.84 1
 20061222 1200 30.07 1
 20061227 1200 30.04 1
 20070101 1200 29.80 1
 20070106 1200 29.95 1
 20070111 1200 29.89 1
 20070116 1200 29.88 1
 20070121 1200 30.26 1
 20070126 1200 29.84 1
 20070131 1200 29.60 1
 20070205 1200 29.62 1
 20070210 1200 29.49 1
 20070215 1200 29.61 1
 20070220 1200 29.89 1
 20070225 1200 29.94 1
 20070302 1200 29.97 1
 20070307 1200 30.28 1
 20070312 1200 30.40 1
 20070317 1200 30.26 1
 20070322 1200 30.11 1
 20070327 1200 29.93 1
 20070401 1200 29.94 1
 20070406 1200 29.72 1
 20070411 1200 30.14 1
 20070416 1200 30.04 1
 20070421 1200 29.99 1
 20070426 1200 30.16 1
 20070501 1200 30.18 1
 20070506 1200 30.17 1
 Time: 1200 20 Jun 2007 to 1200 26 May 2012 (index  1155 to  1515,  361 times)
 Depth (M):      1.5 QUALITY
 YYYYMMDD HHMM   SST Q
 20070620 1200 30.18 1
 20070625 1200 30.24 1
 20070630 1200 30.04 1
 20070705 1200 29.70 1
 20070710 1200 29.72 1
 20070715 1200 29.74 1
 20070720 1200 29.92 1
 20070725 1200 29.79 1
 20070730 1200 29.81 1
 20070804 1200 29.99 1
 20070809 1200 30.13 1
 20070814 1200 30.23 1
 20070819 1200 30.34 1
 20070824 1200 30.31 1
 20070829 1200 30.38 1
 20070903 1200 30.51 1
 20070908 1200 30.29 1
 20070913 1200 30.04 1
 20070918 1200 30.16 1
 20070923 1200 30.12 1
 20070928 1200 29.81 1
 20071003 1200 30.03 1
 20071008 1200 30.14 1
 20071013 1200 29.99 1
 20071018 1200 30.25 1
 20071023 1200 29.89 1
 20071028 1200 30.02 1
 20071102 1200 29.72 1
 20071107 1200 29.22 1
 20071112 1200 29.18 1
 20071117 1200 29.35 1
 20071122 1200 29.25 1
 20071127 1200 29.79 1
 20071202 1200 29.69 1
 20071207 1200 29.58 1
 20071212 1200 29.60 1
 20071217 1200 29.78 1
 20071222 1200 29.64 1
 20071227 1200 29.30 1
 20080101 1200 28.86 1
 20080106 1200 28.86 1
 20080111 1200 28.88 1
 20080116 1200 29.10 1
 20080121 1200 28.98 1
 20080126 1200 29.16 1
 20080131 1200 29.30 1
 20080205 1200 28.98 1
 20080210 1200 28.61 1
 20080215 1200 28.78 1
 20080220 1200 28.94 1
 20080225 1200 28.41 1
 20080301 1200 28.08 1
 20080307 1200 27.75 1
 20080312 1200 27.93 1
 20080317 1200 27.91 1
 20080322 1200 27.79 1
 20080327 1200 27.88 1
 20080401 1200 27.99 1
 20080406 1200 28.24 1
 20080411 1200 28.12 1
 20080416 1200 28.55 1
 20080421 1200 28.43 1
 20080426 1200 28.59 1
 20080501 1200 28.56 1
 20080506 1200 28.99 1
 20080511 1200 29.18 1
 20080516 1200 29.49 1
 20080521 1200 29.51 1
 20080526 1200 29.23 1
 20080531 1200 29.26 1
 20080605 1200 29.10 1
 20080610 1200 29.13 1
 20080615 1200 28.97 1
 20080620 1200 29.19 1
 20080625 1200 29.02 1
 20080630 1200 29.21 1
 20080705 1200 29.31 1
 20080710 1200 29.53 1
 20080715 1200 29.27 1
 20080720 1200 29.34 1
 20080725 1200 29.54 1
 20080730 1200 29.27 1
 20080804 1200 29.35 1
 20080809 1200 29.08 1
 20080814 1200 29.35 1
 20080819 1200 29.52 1
 20080824 1200 29.30 1
 20080829 1200 29.20 1
 20080903 1200 29.20 1
 20080908 1200 29.08 1
 20080913 1200 29.32 1
 20080918 1200 29.90 1
 20080923 1200 30.10 1
 20080928 1200 30.40 1
 20081003 1200 30.23 1
 20081008 1200 30.02 1
 20081013 1200 29.84 1
 20081018 1200 29.70 1
 20081023 1200 29.78 1
 20081028 1200 29.67 1
 20081102 1200 29.56 1
 20081107 1200 29.34 1
 20081112 1200 29.26 1
 20081117 1200 29.13 1
 20081122 1200 29.23 1
 20081127 1200 29.25 1
 20081202 1200 29.32 1
 20081207 1200 29.63 1
 20081212 1200 29.38 1
 20081217 1200 29.51 1
 20081222 1200 29.76 1
 20081227 1200 29.73 1
 20090101 1200 29.93 1
 20090106 1200 29.82 1
 20090111 1200 29.57 1
 20090116 1200 29.82 1
 20090121 1200 29.95 1
 20090126 1200 29.88 1
 20090131 1200 29.67 1
 20090205 1200 29.67 1
 20090210 1200 29.91 1
 20090215 1200 29.59 1
 20090220 1200 29.29 1
 20090225 1200 29.23 1
 20090302 1200 29.08 1
 20090307 1200 29.09 1
 20090312 1200 29.30 1
 20090317 1200 28.95 1
 20090322 1200 29.41 1
 20090327 1200 29.95 1
 20090401 1200 29.95 1
 20090406 1200 30.04 1
 20090411 1200 30.12 1
 20090416 1200 29.97 1
 20090421 1200 29.74 1
 20090426 1200 30.04 1
 20090501 1200 30.25 1
 20090506 1200 30.50 1
 20090511 1200 30.33 1
 20090516 1200 30.33 1
 20090521 1200 30.43 1
 20090526 1200 30.09 1
 20090531 1200 30.07 1
 20090605 1200 29.78 1
 20090610 1200 29.86 1
 20090615 1200 29.76 1
 20090620 1200 29.69 1
 20090625 1200 29.90 1
 20090630 1200 29.83 1
 20090705 1200 29.71 1
 20090710 1200 30.11 1
 20090715 1200 29.85 1
 20090720 1200 29.52 1
 20090725 1200 29.42 1
 20090730 1200 29.29 1
 20090804 1200 29.26 1
 20090809 1200 29.53 1
 20090814 1200 29.85 1
 20090819 1200 30.13 1
 20090824 1200 29.97 1
 20090829 1200 30.05 1
 20090903 1200 29.65 1
 20090908 1200 29.62 1
 20090913 1200 29.83 1
 20090918 1200 29.83 1
 20090923 1200 29.92 1
 20090928 1200 29.48 1
 20091003 1200 29.81 1
 20091008 1200 29.80 1
 20091013 1200 29.76 1
 20091018 1200 29.74 1
 20091023 1200 29.37 1
 20091028 1200 29.56 1
 20091102 1200 30.00 1
 20091107 1200 30.07 1
 20091112 1200 30.35 1
 20091117 1200 30.42 1
 20091122 1200 30.30 1
 20091127 1200 30.00 1
 20091202 1200 29.52 1
 20091207 1200 29.40 1
 20091212 1200 29.64 1
 20091217 1200 29.81 1
 20091222 1200 29.57 1
 20091227 1200 29.89 1
 20100101 1200 29.82 1
 20100106 1200 29.98 1
 20100111 1200 29.78 1
 20100116 1200 29.60 1
 20100121 1200 29.69 1
 20100126 1200 29.58 1
 20100131 1200 29.76 1
 20100205 1200 29.42 1
 20100210 1200 29.39 1
 20100215 1200 29.61 1
 20100220 1200 29.65 1
 20100225 1200 29.81 1
 20100302 1200 29.71 1
 20100307 1200 29.58 1
 20100312 1200 29.73 1
 20100317 1200 29.96 1
 20100322 1200 29.69 1
 20100327 1200 29.70 1
 20100401 1200 29.64 1
 20100406 1200 29.96 1
 20100411 1200 29.97 1
 20100416 1200 29.94 1
 20100421 1200 30.13 1
 20100426 1200 30.48 1
 20100501 1200 30.25 1
 20100506 1200 29.98 1
 20100511 1200 29.82 1
 20100516 1200 29.80 1
 20100521 1200 30.18 1
 20100526 1200 30.25 1
 20100531 1200 30.13 1
 20100605 1200 29.81 1
 20100610 1200 29.90 1
 20100615 1200 29.88 1
 20100620 1200 29.65 1
 20100625 1200 29.44 1
 20100630 1200 29.45 1
 20100705 1200 29.61 1
 20100710 1200 29.65 1
 20100715 1200 29.66 1
 20100720 1200 29.42 1
 20100725 1200 29.00 1
 20100730 1200 28.67 1
 20100804 1200 28.86 1
 20100809 1200 28.67 1
 20100814 1200 28.90 1
 20100819 1200 28.95 1
 20100824 1200 28.90 1
 20100829 1200 29.15 1
 20100903 1200 28.72 1
 20100908 1200 28.56 1
 20100913 1200 28.43 1
 20100918 1200 28.77 1
 20100923 1200 28.69 1
 20100928 1200 28.72 1
 20101003 1200 28.73 1
 20101008 1200 28.74 1
 20101013 1200 28.85 1
 20101018 1200 28.89 1
 20101023 1200 28.92 1
 20101028 1200 28.88 1
 20101102 1200 28.64 1
 20101107 1200 28.55 1
 20101112 1200 28.86 1
 20101117 1200 28.80 1
 20101122 1200 28.69 1
 20101127 1200 28.51 1
 20101202 1200 28.40 1
 20101207 1200 28.29 1
 20101212 1200 28.29 1
 20101217 1200 28.60 1
 20101222 1200 28.86 1
 20101227 1200 28.36 1
 20110101 1200 28.43 1
 20110106 1200 28.50 1
 20110111 1200 28.88 1
 20110116 1200 28.72 1
 20110121 1200 29.10 1
 20110126 1200 29.19 1
 20110131 1200 29.21 1
 20110205 1200 29.08 1
 20110210 1200 28.89 1
 20110215 1200 29.29 1
 20110220 1200 29.94 1
 20110225 1200 29.63 1
 20110302 1200 29.59 1
 20110307 1200 29.42 1
 20110312 1200 29.53 1
 20110317 1200 29.46 1
 20110322 1200 29.08 1
 20110327 1200 29.01 1
 20110401 1200 29.42 1
 20110406 1200 29.52 1
 20110411 1200 29.72 1
 20110416 1200 29.88 1
 20110421 1200 30.25 1
 20110426 1200 30.07 1
 20110501 1200 29.76 1
 20110506 1200 29.90 1
 20110511 1200 29.76 1
 20110516 1200 30.09 1
 20110521 1200 30.05 1
 20110526 1200 29.88 1
 20110531 1200 30.03 1
 20110605 1200 29.92 1
 20110610 1200 29.76 1
 20110615 1200 29.85 1
 20110620 1200 29.70 1
 20110625 1200 29.76 1
 20110630 1200 29.85 1
 20110705 1200 29.80 1
 20110710 1200 29.73 1
 20110715 1200 29.54 1
 20110720 1200 29.43 1
 20110725 1200 29.30 1
 20110730 1200 29.26 1
 20110804 1200 29.26 1
 20110809 1200 29.63 1
 20110814 1200 29.49 1
 20110819 1200 29.30 1
 20110824 1200 29.34 1
 20110829 1200 29.69 1
 20110903 1200 29.66 1
 20110908 1200 29.58 1
 20110913 1200 29.68 1
 20110918 1200 29.50 1
 20110923 1200 29.55 1
 20110928 1200 29.45 1
 20111003 1200 29.35 1
 20111008 1200 29.63 1
 20111013 1200 29.62 1
 20111018 1200 29.47 1
 20111023 1200 29.41 1
 20111028 1200 29.61 1
 20111102 1200 29.60 1
 20111107 1200 29.70 1
 20111112 1200 29.93 1
 20111117 1200 30.33 1
 20111122 1200 29.98 1
 20111127 1200 29.59 1
 20111202 1200 29.59 1
 20111207 1200 29.41 1
 20111212 1200 29.39 1
 20111217 1200 29.34 1
 20111222 1200 29.19 1
 20111227 1200 28.90 1
 20120101 1200 28.91 1
 20120106 1200 29.01 1
 20120111 1200 29.00 1
 20120116 1200 29.28 1
 20120121 1200 29.23 1
 20120126 1200 29.08 1
 20120131 1200 28.85 1
 20120205 1200 29.10 1
 20120210 1200 29.36 1
 20120215 1200 28.91 1
 20120220 1200 28.96 1
 20120225 1200 28.87 1
 20120301 1200 28.69 1
 20120307 1200 28.73 1
 20120312 1200 28.66 1
 20120317 1200 28.65 1
 20120322 1200 28.75 1
 20120327 1200 28.84 1
 20120401 1200 29.03 1
 20120406 1200 28.99 1
 20120411 1200 29.33 1
 20120416 1200 29.57 1
 20120421 1200 29.39 1
 20120426 1200 29.38 1
 20120501 1200 29.74 1
 20120506 1200 29.77 1
 20120511 1200 29.69 1
 20120516 1200 29.87 1
 20120521 1200 29.84 1
 20120526 1200 30.15 1
 Time: 1200 14 Aug 2012 to 1200 10 Jun 2018 (index  1531 to  1956,  426 times)
 Depth (M):      1.5 QUALITY
 YYYYMMDD HHMM   SST Q
 20120814 1200 28.91 1
 20120819 1200 29.39 1
 20120824 1200 29.75 1
 20120829 1200 29.75 1
 20120903 1200 29.77 1
 20120908 1200 29.74 1
 20120913 1200 29.65 1
 20120918 1200 29.50 1
 20120923 1200 29.54 1
 20120928 1200 29.64 1
 20121003 1200 29.31 1
 20121008 1200 29.36 1
 20121013 1200 29.58 1
 20121018 1200 29.60 1
 20121023 1200 30.03 1
 20121028 1200 30.31 1
 20121102 1200 30.14 1
 20121107 1200 30.36 1
 20121112 1200 30.49 1
 20121117 1200 30.50 1
 20121122 1200 30.26 1
 20121127 1200 29.92 1
 20121202 1200 29.95 1
 20121207 1200 29.94 1
 20121212 1200 30.01 1
 20121217 1200 29.87 1
 20121222 1200 30.23 1
 20121227 1200 30.16 1
 20130101 1200 30.09 1
 20130106 1200 30.18 1
 20130111 1200 30.05 1
 20130116 1200 29.93 1
 20130121 1200 30.21 1
 20130126 1200 29.94 1
 20130131 1200 29.88 1
 20130205 1200 29.88 1
 20130210 1200 30.05 1
 20130215 1200 29.87 1
 20130220 1200 29.87 1
 20130225 1200 29.90 1
 20130302 1200 29.93 1
 20130307 1200 29.91 1
 20130312 1200 29.91 1
 20130317 1200 30.02 1
 20130322 1200 29.85 1
 20130327 1200 29.79 1
 20130401 1200 29.80 1
 20130406 1200 29.85 1
 20130411 1200 29.61 1
 20130416 1200 29.66 1
 20130421 1200 29.36 1
 20130426 1200 29.48 1
 20130501 1200 29.67 1
 20130506 1200 29.19 1
 20130511 1200 29.23 1
 20130516 1200 29.17 1
 20130521 1200 29.47 1
 20130526 1200 29.81 1
 20130531 1200 29.84 1
 20130605 1200 29.79 1
 20130610 1200 29.88 1
 20130615 1200 29.78 1
 20130620 1200 29.71 1
 20130625 1200 29.82 1
 20130630 1200 30.11 1
 20130705 1200 30.26 1
 20130710 1200 30.15 1
 20130715 1200 30.15 1
 20130720 1200 30.05 1
 20130725 1200 30.02 1
 20130730 1200 30.17 1
 20130804 1200 30.02 1
 20130809 1200 30.07 1
 20130814 1200 29.94 1
 20130819 1200 30.41 1
 20130824 1200 30.37 1
 20130829 1200 30.41 1
 20130903 1200 30.66 1
 20130908 1200 30.30 1
 20130913 1200 30.25 1
 20130918 1200 30.06 1
 20130923 1200 30.38 1
 20130928 1200 30.18 1
 20131003 1200 30.42 1
 20131008 1200 30.29 1
 20131013 1200 30.49 1
 20131018 1200 30.61 1
 20131023 1200 30.46 1
 20131028 1200 30.35 1
 20131102 1200 30.27 1
 20131107 1200 30.10 1
 20131112 1200 30.26 1
 20131117 1200 30.25 1
 20131122 1200 30.92 1
 20131127 1200 30.82 1
 20131202 1200 30.93 1
 20131207 1200 30.66 1
 20131212 1200 30.70 1
 20131217 1200 30.73 1
 20131222 1200 30.60 1
 20131227 1200 30.44 1
 20140101 1200 30.24 1
 20140106 1200 30.29 1
 20140111 1200 30.14 1
 20140116 1200 30.20 1
 20140121 1200 29.97 1
 20140126 1200 29.75 1
 20140131 1200 29.84 1
 20140205 1200 30.15 1
 20140210 1200 30.22 1
 20140215 1200 29.85 1
 20140220 1200 29.54 1
 20140225 1200 29.42 1
 20140302 1200 29.31 1
 20140307 1200 29.73 1
 20140312 1200 29.81 1
 20140317 1200 29.60 1
 20140322 1200 29.91 1
 20140327 1200 30.09 1
 20140401 1200 29.82 1
 20140406 1200 29.86 1
 20140411 1200 29.76 1
 20140416 1200 29.54 1
 20140421 1200 29.84 1
 20140426 1200 29.86 1
 20140501 1200 29.93 1
 20140506 1200 29.91 1
 20140511 1200 29.78 1
 20140516 1200 29.94 1
 20140521 1200 30.01 1
 20140526 1200 30.20 1
 20140531 1200 30.11 1
 20140605 1200 30.21 1
 20140610 1200 30.41 1
 20140615 1200 30.01 1
 20140620 1200 30.16 1
 20140625 1200 30.12 1
 20140630 1200 30.03 1
 20140705 1200 29.90 1
 20140710 1200 29.69 1
 20140715 1200 30.20 1
 20140720 1200 29.79 1
 20140725 1200 29.53 1
 20140730 1200 29.70 1
 20140804 1200 29.57 1
 20140809 1200 29.44 1
 20140814 1200 29.71 1
 20140819 1200 29.88 1
 20140824 1200 30.19 1
 20140829 1200 30.28 1
 20140903 1200 30.31 1
 20140908 1200 30.52 1
 20140913 1200 30.63 1
 20140918 1200 30.74 1
 20140923 1200 30.74 1
 20140928 1200 30.67 1
 20141003 1200 30.66 1
 20141008 1200 30.73 1
 20141013 1200 30.60 1
 20141018 1200 30.69 1
 20141023 1200 30.73 1
 20141028 1200 30.42 1
 20141102 1200 30.78 1
 20141107 1200 30.44 1
 20141112 1200 30.49 1
 20141117 1200 30.67 1
 20141122 1200 30.77 1
 20141127 1200 30.67 1
 20141202 1200 30.39 1
 20141207 1200 30.35 1
 20141212 1200 30.49 1
 20141217 1200 30.55 1
 20141222 1200 30.59 1
 20141227 1200 30.67 1
 20150101 1200 30.46 2
 20150106 1200 30.04 2
 20150111 1200 30.06 2
 20150116 1200 30.12 2
 20150121 1200 30.41 2
 20150126 1200 29.97 2
 20150131 1200 29.93 2
 20150205 1200 29.76 2
 20150210 1200 29.71 2
 20150215 1200 30.06 2
 20150220 1200 29.87 2
 20150225 1200 29.75 2
 20150302 1200 29.79 2
 20150307 1200 29.69 2
 20150312 1200 29.69 2
 20150317 1200 29.88 2
 20150322 1200 29.93 2
 20150327 1200 29.94 2
 20150401 1200 29.90 2
 20150406 1200 29.67 2
 20150411 1200 30.05 2
 20150416 1200 30.21 2
 20150421 1200 30.26 2
 20150426 1200 30.64 2
 20150501 1200 30.13 2
 20150506 1200 29.88 2
 20150511 1200 29.65 2
 20150516 1200 29.79 2
 20150521 1200 29.68 2
 20150526 1200 29.67 2
 20150531 1200 30.02 2
 20150605 1200 30.32 2
 20150610 1200 30.27 2
 20150615 1200 29.93 2
 20150620 1200 29.86 2
 20150625 1200 29.65 2
 20150630 1200 29.50 2
 20150705 1200 29.39 2
 20150710 1200 29.50 2
 20150715 1200 29.72 2
 20150720 1200 29.80 2
 20150725 1200 29.61 2
 20150730 1200 28.96 2
 20150804 1200 29.15 2
 20150809 1200 29.02 2
 20150814 1200 28.99 2
 20150819 1200 29.11 2
 20150824 1200 29.09 2
 20150829 1200 28.80 2
 20150903 1200 28.83 2
 20150908 1200 29.06 2
 20150913 1200 29.34 2
 20150918 1200 29.24 2
 20150923 1200 29.20 2
 20150928 1200 29.37 2
 20151003 1200 29.07 2
 20151008 1200 29.05 2
 20151013 1200 28.99 2
 20151018 1200 29.10 2
 20151023 1200 29.85 2
 20151028 1200 29.64 2
 20151102 1200 30.06 2
 20151107 1200 30.13 2
 20151112 1200 30.15 2
 20151117 1200 29.97 2
 20151122 1200 30.40 2
 20151127 1200 30.06 2
 20151202 1200 30.18 2
 20151207 1200 29.82 2
 20151212 1200 30.19 2
 20151217 1200 30.20 2
 20151222 1200 29.92 2
 20151227 1200 29.88 2
 20160101 1200 29.85 2
 20160106 1200 29.92 2
 20160111 1200 29.97 2
 20160116 1200 29.88 2
 20160121 1200 29.98 2
 20160126 1200 29.62 2
 20160131 1200 29.74 2
 20160205 1200 29.88 2
 20160210 1200 29.52 2
 20160215 1200 29.42 2
 20160220 1200 29.49 2
 20160225 1200 29.80 2
 20160301 1200 29.82 2
 20160307 1200 29.65 2
 20160312 1200 29.66 2
 20160317 1200 29.60 2
 20160322 1200 29.36 2
 20160327 1200 29.36 2
 20160401 1200 29.91 2
 20160406 1200 29.78 2
 20160411 1200 29.76 2
 20160416 1200 29.38 2
 20160421 1200 29.83 2
 20160426 1200 30.07 2
 20160501 1200 29.71 2
 20160506 1200 29.80 2
 20160511 1200 29.41 2
 20160516 1200 29.42 2
 20160521 1200 29.57 2
 20160526 1200 30.01 2
 20160531 1200 29.97 2
 20160605 1200 29.81 2
 20160610 1200 30.18 2
 20160615 1200 30.46 2
 20160620 1200 30.32 2
 20160625 1200 30.35 2
 20160630 1200 30.49 2
 20160705 1200 30.66 2
 20160710 1200 30.49 2
 20160715 1200 30.48 2
 20160720 1200 30.31 2
 20160725 1200 30.19 2
 20160730 1200 30.43 2
 20160804 1200 30.37 2
 20160809 1200 30.55 2
 20160814 1200 30.48 2
 20160819 1200 30.58 2
 20160824 1200 30.57 2
 20160829 1200 30.59 2
 20160903 1200 30.53 2
 20160908 1200 30.60 2
 20160913 1200 30.32 2
 20160918 1200 30.16 2
 20160923 1200 29.98 2
 20160928 1200 29.77 2
 20161003 1200 29.90 2
 20161008 1200 29.95 2
 20161013 1200 30.32 2
 20161018 1200 30.12 2
 20161023 1200 29.98 2
 20161028 1200 30.05 2
 20161102 1200 30.03 2
 20161107 1200 30.42 2
 20161112 1200 30.59 2
 20161117 1200 30.57 2
 20161122 1200 30.67 2
 20161127 1200 30.42 2
 20161202 1200 30.39 2
 20161207 1200 30.69 2
 20161212 1200 30.67 2
 20161217 1200 30.58 2
 20161222 1200 30.32 2
 20161227 1200 30.51 2
 20170101 1200 30.59 2
 20170106 1200 30.28 2
 20170111 1200 30.25 2
 20170116 1200 30.32 2
 20170121 1200 30.28 2
 20170126 1200 30.63 2
 20170131 1200 30.33 2
 20170205 1200 30.34 2
 20170210 1200 30.47 2
 20170215 1200 30.48 2
 20170220 1200 30.77 2
 20170225 1200 30.42 2
 20170302 1200 30.72 2
 20170307 1200 30.57 2
 20170312 1200 30.38 2
 20170317 1200 30.25 2
 20170322 1200 30.29 2
 20170327 1200 29.39 2
 20170401 1200 29.79 2
 20170406 1200 30.10 2
 20170411 1200 30.10 2
 20170416 1200 30.22 2
 20170421 1200 30.13 2
 20170426 1200 30.52 2
 20170501 1200 30.16 2
 20170506 1200 30.29 2
 20170511 1200 30.17 2
 20170516 1200 30.11 2
 20170521 1200 30.17 2
 20170526 1200 30.25 2
 20170531 1200 30.08 2
 20170605 1200 30.02 2
 20170610 1200 30.16 2
 20170615 1200 30.26 2
 20170620 1200 30.26 2
 20170625 1200 30.19 2
 20170630 1200 30.03 2
 20170705 1200 30.13 2
 20170710 1200 30.22 2
 20170715 1200 30.01 2
 20170720 1200 30.03 2
 20170725 1200 30.27 2
 20170730 1200 30.28 2
 20170804 1200 30.13 2
 20170809 1200 30.15 2
 20170814 1200 30.24 2
 20170819 1200 30.50 2
 20170824 1200 30.59 2
 20170829 1200 30.57 2
 20170903 1200 30.50 2
 20170908 1200 30.70 2
 20170913 1200 30.46 2
 20170918 1200 30.16 2
 20170923 1200 29.68 2
 20170928 1200 29.47 2
 20171003 1200 29.50 2
 20171008 1200 29.38 2
 20171013 1200 29.71 2
 20171018 1200 29.83 2
 20171023 1200 30.03 2
 20171028 1200 29.95 2
 20171102 1200 29.94 2
 20171107 1200 30.24 2
 20171112 1200 30.31 2
 20171117 1200 30.35 2
 20171122 1200 30.26 2
 20171127 1200 30.65 2
 20171202 1200 30.23 2
 20171207 1200 30.38 2
 20171212 1200 30.10 2
 20171217 1200 29.94 2
 20171222 1200 30.20 2
 20171227 1200 30.48 2
 20180101 1200 29.85 2
 20180106 1200 30.17 2
 20180111 1200 30.27 2
 20180116 1200 30.17 2
 20180121 1200 30.15 2
 20180126 1200 30.27 2
 20180131 1200 30.13 2
 20180205 1200 29.98 2
 20180210 1200 30.33 2
 20180215 1200 30.07 2
 20180220 1200 30.05 2
 20180225 1200 30.12 2
 20180302 1200 30.08 2
 20180307 1200 29.90 2
 20180312 1200 29.87 2
 20180317 1200 29.75 2
 20180322 1200 30.04 2
 20180327 1200 30.02 2
 20180401 1200 29.98 2
 20180406 1200 29.99 2
 20180411 1200 30.09 2
 20180416 1200 30.06 2
 20180421 1200 30.01 2
 20180426 1200 29.99 2
 20180501 1200 30.08 2
 20180506 1200 29.99 2
 20180511 1200 30.22 2
 20180516 1200 30.40 2
 20180521 1200 30.23 2
 20180526 1200 30.31 2
 20180531 1200 30.27 2
 20180605 1200 30.33 2
 20180610 1200 30.21 2
