 19810705 1200 21.30 2
 19810710 1200 20.55 2
 19810715 1200 21.39 2
 19810720 1200 22.44 2
 19810725 1200 20.19 2
 19810730 1200 19.61 2
 19810804 1200 19.54 2
 19810809 1200 18.90 2
 19810814 1200 18.70 2
 19810819 1200 18.71 2
 19810824 1200 19.14 2
 19810829 1200 22.34 2
 19810903 1200 20.10 2
 19810908 1200 20.84 2
 19810913 1200 19.66 2
 19810918 1200 21.05 2
 19810923 1200 20.07 2
 19810928 1200 19.56 2
 19811003 1200 20.27 2
 19811008 1200 22.19 2
 19811013 1200 21.67 2
 19811018 1200 22.02 2
 19811023 1200 20.45 2
 19811028 1200 20.24 2
 19811102 1200 20.21 2
 19811107 1200 20.88 2
 19811112 1200 20.95 2
 19811117 1200 20.70 2
 19811122 1200 21.34 2
 19811127 1200 21.94 2
 19811202 1200 20.93 2
 19811207 1200 21.03 2
 19811212 1200 23.09 2
 19811217 1200 23.64 2
 19811222 1200 23.38 2
 19811227 1200 23.28 2
 19820101 1200 23.16 2
 19820106 1200 23.37 2
 19820111 1200 24.58 2
 19820116 1200 23.67 2
 19820121 1200 23.73 2
 19820126 1200 23.99 2
 19820131 1200 25.20 2
 19820205 1200 24.87 2
 19820210 1200 26.14 2
 19820215 1200 24.88 2
 19820220 1200 25.19 2
 19820225 1200 26.71 2
 19820302 1200 26.25 2
 19820307 1200 25.71 2
 19820312 1200 26.05 2
 19820317 1200 26.41 2
 19820322 1200 24.87 2
 19820327 1200 25.64 2
 19820401 1200 25.23 2
 19820406 1200 25.50 2
 19820411 1200 26.69 2
 19820416 1200 25.51 2
 19820421 1200 24.53 2
 19820426 1200 24.62 2
 19820501 1200 25.70 2
 19820506 1200 26.10 2
 19820511 1200 25.47 2
 19820516 1200 26.03 2
 19820521 1200 26.41 2
 19820526 1200 25.82 2
 19820531 1200 25.20 2
 19820605 1200 24.63 2
 19820610 1200 24.47 2
 19820615 1200 24.82 2
 19820620 1200 24.25 2
 19820625 1200 23.03 2
 19820630 1200 23.09 2
 19820705 1200 22.46 2
 19820710 1200 22.76 2
 19820715 1200 23.55 2
 19820720 1200 21.96 2
 19820725 1200 22.22 2
 19820730 1200 22.08 2
 19820804 1200 23.48 2
 19820809 1200 24.33 2
 19820814 1200 23.13 2
 19820819 1200 21.39 2
 19820824 1200 23.17 2
 19820829 1200 22.44 2
 19820903 1200 22.75 2
 19820908 1200 23.52 2
 19820913 1200 24.26 2
 19820918 1200 24.90 2
 19820923 1200 24.22 2
 19820928 1200 23.51 2
 19821003 1200 24.09 2
 19821008 1200 24.81 2
 19821013 1200 24.56 2
 19821018 1200 24.75 2
 19821023 1200 24.98 2
 19821028 1200 24.97 2
 19821102 1200 24.87 2
 19821107 1200 25.18 2
 19821112 1200 25.43 2
 19821117 1200 25.85 2
 19821122 1200 26.05 2
 19821127 1200 26.08 2
 19821202 1200 25.75 2
 19821207 1200 26.12 2
 19821212 1200 26.42 2
 19821217 1200 26.72 2
 19821222 1200 26.89 2
 19821227 1200 27.13 2
 19830101 1200 27.34 2
 19830106 1200 27.54 2
 19830111 1200 27.62 2
 19830116 1200 28.70 2
 19830121 1200 28.66 2
 19830126 1200 28.65 2
 19830131 1200 28.74 2
 19830205 1200 28.68 2
 19830210 1200 29.04 2
 19830215 1200 29.07 2
 19830220 1200 29.34 2
 19830225 1200 29.34 2
 19830302 1200 29.60 2
 19830307 1200 29.79 2
 19830312 1200 29.70 2
 19830317 1200 29.63 2
 19830322 1200 29.36 2
 19830327 1200 29.31 2
 19830401 1200 29.43 2
 19830406 1200 29.39 2
 19830411 1200 29.48 2
 19830416 1200 29.58 2
 19921117 1200 20.79 1
 19921122 1200 21.01 1
 19921127 1200 22.72 1
 19921202 1200 22.40 1
 19921207 1200 21.42 1
 19921212 1200 23.06 1
 19921217 1200 22.05 1
 19921222 1200 21.58 1
 19921227 1200 22.26 1
 19930101 1200 22.81 1
 19930106 1200 23.46 1
 19930111 1200 23.24 1
 19930116 1200 23.64 1
 19930121 1200 24.30 1
 19930126 1200 24.75 1
 19930131 1200 26.00 1
 19930205 1200 26.89 1
 19930210 1200 26.65 1
 19930215 1200 25.98 1
 19930220 1200 27.27 1
 19930225 1200 26.28 1
 19930302 1200 26.28 1
 19930307 1200 27.95 1
 19930312 1200 27.21 1
 19930317 1200 27.67 1
 19930322 1200 27.63 1
 19930327 1200 27.82 1
 19930401 1200 29.03 1
 19930406 1200 27.80 1
 19930411 1200 27.45 1
 19930416 1200 27.61 1
 19930421 1200 27.62 1
 19930426 1200 27.42 1
 19930501 1200 27.03 1
 19930506 1200 26.52 1
 19930511 1200 26.07 1
 19930516 1200 26.13 1
 19930521 1200 26.37 1
 19930526 1200 26.51 1
 19930531 1200 27.53 1
 19930605 1200 26.82 1
 19930610 1200 24.91 1
 19930615 1200 24.17 1
 19930620 1200 24.69 1
 19930625 1200 24.59 1
 19930630 1200 23.76 1
 19930705 1200 23.18 1
 19930710 1200 22.86 1
 19930715 1200 23.15 1
 19930720 1200 21.85 1
 19930725 1200 21.60 1
 19930730 1200 22.69 1
 19930804 1200 21.16 1
 19930809 1200 21.44 1
 19930814 1200 22.08 1
 19930819 1200 20.81 1
 19930824 1200 22.05 1
 19930829 1200 23.58 1
 19930903 1200 20.25 2
 19930908 1200 20.65 2
 19930913 1200 21.05 2
 19930918 1200 21.21 2
 19930923 1200 21.12 2
 19930928 1200 20.45 2
 19931003 1200 23.07 2
 19931008 1200 20.82 2
 19931013 1200 21.71 2
 19931018 1200 22.71 2
 19931023 1200 22.45 2
 19931028 1200 23.09 2
 19931102 1200 24.80 2
 19931107 1200 23.80 2
 19931112 1200 21.85 2
 19931117 1200 22.49 2
 19931122 1200 23.30 2
 19931127 1200 22.15 2
 19931202 1200 22.51 2
 19931207 1200 22.21 2
 19931212 1200 22.33 2
 19931217 1200 22.59 2
 19931222 1200 23.30 2
 19931227 1200 23.50 2
 19940101 1200 23.86 2
 19940106 1200 24.11 2
 19940111 1200 23.56 2
 19940116 1200 23.85 2
 19940121 1200 25.21 2
 19940126 1200 25.55 2
 19940131 1200 24.77 2
 19940205 1200 25.36 2
 19940421 1200 23.28 2
 19940615 1200 23.97 2
 19940620 1200 23.26 2
 19940625 1200 23.30 2
 19940630 1200 23.35 2
 19940705 1200 21.82 2
 19940710 1200 21.67 2
 19940715 1200 20.52 2
 19940720 1200 20.64 2
 19940725 1200 20.89 2
 19940730 1200 20.01 2
 19940804 1200 19.12 2
 19940809 1200 18.93 2
 19940814 1200 22.59 2
 19940819 1200 20.52 2
 19940824 1200 20.08 2
 19940829 1200 22.13 2
 19940903 1200 19.38 2
 19940908 1200 19.94 2
 19940913 1200 19.97 2
 19940918 1200 20.92 2
 19940923 1200 22.53 2
 19940928 1200 23.97 2
 19941003 1200 24.05 2
 19941008 1200 21.18 2
 19941013 1200 24.15 2
 19941018 1200 23.69 2
 19941023 1200 22.72 2
 19941028 1200 23.84 2
 19941102 1200 22.40 2
 19941107 1200 23.81 2
 19941112 1200 24.53 2
 19941117 1200 23.43 2
 19941122 1200 23.21 2
 19941127 1200 23.84 2
 19941202 1200 24.02 2
 19941207 1200 23.98 2
 19950215 1200 27.35 1
 19950220 1200 25.68 1
 19950225 1200 26.14 1
 19950302 1200 25.48 1
 19950307 1200 25.75 1
 19950312 1200 27.42 1
 19950317 1200 27.23 1
 19950322 1200 27.49 1
 19950327 1200 26.95 1
 19950401 1200 23.53 1
 19950406 1200 24.29 1
 19950411 1200 25.92 1
 19950416 1200 24.44 1
 19950421 1200 24.13 1
 19950426 1200 22.87 1
 19950501 1200 23.03 1
 19950506 1200 22.91 1
 19950511 1200 21.93 1
 19950516 1200 22.39 1
 19950521 1200 23.78 1
 19950526 1200 23.73 1
 19950531 1200 22.71 1
 19950605 1200 22.79 1
 19950610 1200 23.00 1
 19950615 1200 22.91 1
 19950620 1200 22.23 1
 19950625 1200 22.56 1
 19950630 1200 23.62 1
 19950705 1200 22.60 1
 19950710 1200 21.10 1
 19950715 1200 21.49 1
 19950720 1200 21.48 1
 19950725 1200 22.29 1
 19950730 1200 20.45 1
 19950804 1200 20.43 1
 19950809 1200 21.86 1
 19950814 1200 19.04 1
 19950819 1200 21.91 1
 19950824 1200 20.79 1
 19950829 1200 19.14 1
 19950903 1200 19.93 1
 19950908 1200 19.87 1
 19950913 1200 19.02 1
 19950918 1200 19.54 1
 19950923 1200 23.28 1
 19950928 1200 19.82 1
 19951003 1200 20.44 1
 19951008 1200 20.21 1
 19951013 1200 23.41 1
 19951018 1200 22.29 1
 19951023 1200 20.20 1
 19951028 1200 21.43 1
 19951102 1200 23.05 1
 19951107 1200 20.33 1
 19951112 1200 20.30 1
 19951117 1200 21.59 1
 19951122 1200 20.37 1
 19951127 1200 20.82 1
 19951202 1200 21.04 1
 19951207 1200 20.79 1
 19951212 1200 20.57 1
 19951217 1200 20.55 1
 19951222 1200 21.31 1
 19951227 1200 22.02 1
 19960101 1200 22.89 1
 19960106 1200 23.98 1
 19960111 1200 23.30 1
 19960116 1200 23.11 1
 19960121 1200 23.14 1
 19960126 1200 22.96 1
 19960131 1200 23.67 1
 19960205 1200 24.62 1
 19960210 1200 25.61 1
 19960215 1200 25.92 1
 19960220 1200 26.46 1
 19960225 1200 25.47 1
 19960301 1200 25.71 1
 19960307 1200 26.96 1
 19960312 1200 27.21 1
 19960317 1200 26.63 1
 19960322 1200 25.30 1
 19960327 1200 24.66 1
 19960401 1200 24.88 1
 19960406 1200 24.42 1
 19960411 1200 24.39 1
 19960416 1200 24.52 1
 19960421 1200 23.58 1
 19960426 1200 22.52 1
 19960501 1200 22.73 1
 19960506 1200 23.56 1
 19960511 1200 23.68 4
 19960516 1200 23.45 4
 19960521 1200 23.15 4
 19960526 1200 24.34 4
 19960531 1200 24.12 4
 19960605 1200 22.46 4
 19960610 1200 21.43 4
 19960615 1200 21.61 4
 19960620 1200 20.59 4
 19960625 1200 22.03 4
 19960630 1200 21.05 4
 19960705 1200 22.11 4
 19960710 1200 21.41 4
 19960715 1200 20.67 4
 19960720 1200 20.48 4
 19960725 1200 21.30 4
 19960730 1200 19.00 4
 19960804 1200 22.03 4
 19960809 1200 19.98 4
 19960814 1200 21.83 4
 19960819 1200 21.19 4
 19960824 1200 21.59 4
 19960829 1200 19.70 4
 19960903 1200 23.51 4
 19960908 1200 21.84 4
 19960913 1200 19.42 4
 19960918 1200 18.43 4
 19960923 1200 21.05 4
 19960928 1200 21.07 4
 19961003 1200 19.23 4
 19961008 1200 20.65 4
 19961013 1200 23.64 4
 19961018 1200 20.90 4
 19961023 1200 22.09 4
 19961028 1200 20.21 4
 19961102 1200 20.20 4
 19961107 1200 21.73 4
 19961112 1200 19.49 4
 19961117 1200 19.54 4
 19961122 1200 21.71 4
 19961127 1200 21.51 4
 19961202 1200 20.75 4
 19961207 1200 21.62 4
 19961212 1200 20.54 4
 19961217 1200 21.62 4
 19961222 1200 21.21 4
 19961227 1200 21.41 4
 19970101 1200 21.29 4
 19970106 1200 21.88 4
 19970111 1200 21.37 4
 19970116 1200 22.47 4
 19970121 1200 23.06 4
 19970126 1200 24.08 4
 19970131 1200 24.50 4
 19970205 1200 26.53 4
 19970210 1200 26.64 4
 19970215 1200 26.05 2
 19970220 1200 27.19 2
 19970225 1200 27.69 2
 19970302 1200 27.88 2
 19970307 1200 28.00 2
 19970312 1200 27.14 2
 19970317 1200 27.91 2
 19970322 1200 27.29 2
 19970327 1200 28.10 2
 19970401 1200 28.31 2
 19970406 1200 26.41 2
 19970809 1200 26.60 2
 19970814 1200 27.21 2
 19970819 1200 26.78 2
 19970824 1200 25.49 2
 19970829 1200 25.86 2
 19970903 1200 26.29 2
 19970908 1200 26.24 2
 19970913 1200 26.37 2
 19970918 1200 27.23 2
 19970923 1200 26.09 2
 19970928 1200 25.38 2
 19971003 1200 25.72 2
 19971008 1200 26.17 2
 19971013 1200 26.46 2
 19971018 1200 26.50 2
 19971023 1200 26.97 2
 19971028 1200 26.74 2
 19971102 1200 26.70 2
 19971107 1200 26.82 2
 19971112 1200 27.44 2
 19971117 1200 27.62 2
 19971122 1200 27.47 2
 19971127 1200 27.57 2
 19971202 1200 27.65 2
 19971207 1200 27.93 2
 19971212 1200 28.02 2
 19971217 1200 28.21 2
 19971222 1200 28.69 2
 19971227 1200 28.57 2
 19980101 1200 28.80 2
 19980106 1200 28.30 2
 19980111 1200 29.00 2
 19980116 1200 29.18 2
 19980121 1200 29.73 2
 19980126 1200 29.61 2
 19980131 1200 29.43 2
 19980205 1200 29.71 2
 19980210 1200 28.99 2
 19980215 1200 29.43 2
 19980220 1200 29.60 2
 19980225 1200 29.47 2
 19980302 1200 29.83 2
 19980307 1200 30.25 2
 19980312 1200 29.97 2
 19980317 1200 30.56 2
 19980322 1200 30.49 2
 19980327 1200 30.46 2
 19980401 1200 29.94 2
 19980406 1200 29.62 2
 19980411 1200 29.30 2
 19980416 1200 29.83 2
 19980421 1200 29.86 2
 19980426 1200 29.45 2
 19980501 1200 28.93 2
 19980506 1200 29.13 2
 19980511 1200 29.42 2
 19980516 1200 28.54 2
 19980521 1200 27.21 2
 19980526 1200 26.80 2
 19980531 1200 26.10 2
 19980605 1200 25.32 2
 19980610 1200 25.74 2
 19980615 1200 24.15 2
 19980620 1200 23.70 2
 19980625 1200 24.44 2
 19981107 1200 21.59 1
 19981112 1200 20.74 1
 19981117 1200 20.66 1
 19981122 1200 22.41 1
 19981127 1200 22.16 1
 19981202 1200 22.58 1
 19981207 1200 20.92 1
 19981212 1200 19.80 1
 19981217 1200 20.06 1
 19981222 1200 21.52 1
 19981227 1200 22.60 1
 19990101 1200 20.84 1
 19990106 1200 23.96 1
 19990111 1200 23.36 1
 19990116 1200 22.28 1
 19990121 1200 24.41 1
 19990126 1200 24.97 1
 19990131 1200 25.66 1
 19990205 1200 22.06 1
 19990210 1200 23.33 1
 19990215 1200 24.20 1
 19990220 1200 26.84 1
 19990225 1200 27.35 1
 19990302 1200 28.08 1
 19990307 1200 28.31 1
 19990312 1200 27.83 1
 19990317 1200 28.63 1
 19990322 1200 27.15 1
 19990327 1200 25.23 1
 19990401 1200 25.59 1
 19990406 1200 26.41 1
 19990411 1200 26.03 1
 19990416 1200 23.70 1
 19990421 1200 25.76 1
 19990426 1200 25.08 1
 19990501 1200 24.75 1
 19990506 1200 27.27 1
 19990511 1200 26.77 1
 19990516 1200 26.00 1
 19990521 1200 24.77 1
 19990526 1200 23.93 2
 19990531 1200 24.53 2
 19990605 1200 25.43 2
 19990610 1200 23.87 2
 19990615 1200 22.73 2
 19990620 1200 22.72 2
 19990625 1200 22.44 2
 19990630 1200 22.51 2
 19990705 1200 22.40 2
 19990710 1200 22.60 2
 19990715 1200 21.05 2
 19990720 1200 20.65 2
 19990725 1200 20.19 2
 19990730 1200 20.41 2
 19990804 1200 21.42 2
 19990809 1200 20.35 2
 19990814 1200 19.66 2
 19990819 1200 21.68 2
 19990824 1200 21.19 2
 19990829 1200 20.49 2
 19990903 1200 21.23 2
 19990908 1200 21.23 2
 19991127 1200 18.70 1
 19991202 1200 19.27 1
 19991207 1200 20.63 1
 19991212 1200 20.52 1
 19991217 1200 20.99 1
 19991222 1200 22.39 1
 19991227 1200 22.42 1
 20000101 1200 20.98 1
 20000106 1200 21.67 1
 20000111 1200 23.86 1
 20000116 1200 22.17 1
 20000121 1200 22.27 1
 20000126 1200 23.23 1
 20000131 1200 24.34 1
 20000205 1200 25.58 1
 20000210 1200 26.36 1
 20000215 1200 26.12 1
 20000220 1200 26.41 1
 20000225 1200 25.18 1
 20000301 1200 24.74 1
 20000307 1200 26.46 1
 20000312 1200 27.80 1
 20000317 1200 27.23 1
 20000322 1200 27.13 1
 20000327 1200 27.45 1
 20000401 1200 27.67 1
 20000406 1200 27.34 1
 20000411 1200 26.80 1
 20000416 1200 28.45 1
 20000421 1200 29.24 1
 20000426 1200 27.44 1
 20000501 1200 28.31 1
 20000506 1200 26.42 1
 20000511 1200 25.62 1
 20000516 1200 25.06 1
 20000521 1200 24.55 1
 20000526 1200 24.05 1
 20000531 1200 23.56 1
 20000605 1200 23.75 1
 20000610 1200 23.91 1
 20000615 1200 23.01 1
 20000620 1200 22.51 1
 20000625 1200 23.57 1
 20000630 1200 21.89 1
 20000705 1200 22.80 1
 20000710 1200 23.01 1
 20000715 1200 20.89 1
 20000720 1200 21.42 1
 20000725 1200 22.99 1
 20000730 1200 21.35 1
 20000804 1200 21.42 1
 20000809 1200 21.46 1
 20000814 1200 22.69 1
 20000819 1200 20.31 1
 20000824 1200 19.50 1
 20000829 1200 21.04 1
 20000903 1200 23.67 1
 20000908 1200 19.36 1
 20000913 1200 21.80 1
 20000918 1200 22.25 1
 20000923 1200 19.89 1
 20000928 1200 21.34 1
 20001003 1200 23.64 1
 20001008 1200 21.14 1
 20001013 1200 21.37 1
 20001018 1200 22.31 1
 20001023 1200 20.45 1
 20001028 1200 20.59 1
 20001102 1200 22.63 1
 20001107 1200 22.96 2
 20001112 1200 21.92 2
 20001117 1200 20.18 2
 20001122 1200 20.35 2
 20001127 1200 22.62 2
 20001202 1200 21.80 2
 20001207 1200 23.01 2
 20001212 1200 21.25 2
 20001217 1200 21.16 2
 20001222 1200 20.77 2
 20001227 1200 20.28 2
 20010101 1200 21.48 2
 20010106 1200 22.08 2
 20010111 1200 23.28 2
 20010116 1200 24.15 2
 20010121 1200 23.02 2
 20010126 1200 23.86 2
 20010131 1200 24.33 2
 20010205 1200 26.62 2
 20010210 1200 26.70 2
 20010215 1200 25.92 2
 20010220 1200 26.77 2
 20010225 1200 26.20 2
 20010302 1200 26.58 2
 20010307 1200 26.54 2
 20010312 1200 26.82 2
 20010317 1200 27.43 2
 20010322 1200 28.63 2
 20010327 1200 27.86 2
 20010401 1200 27.13 2
 20010406 1200 26.93 2
 20010411 1200 26.03 2
 20010416 1200 25.81 2
 20010421 1200 25.67 2
 20010426 1200 25.10 2
 20010501 1200 25.37 2
 20010506 1200 25.43 2
 20010511 1200 24.80 2
 20010516 1200 24.59 2
 20011008 1200 19.99 1
 20011013 1200 23.81 1
 20011018 1200 20.62 1
 20011023 1200 20.30 1
 20011028 1200 23.45 1
 20011102 1200 21.20 1
 20011107 1200 21.83 1
 20011112 1200 20.50 1
 20011117 1200 21.99 1
 20011122 1200 22.42 1
 20011127 1200 20.71 1
 20011202 1200 23.06 1
 20011207 1200 21.55 1
 20011212 1200 21.87 1
 20011217 1200 22.55 1
 20011222 1200 23.11 1
 20011227 1200 24.62 1
 20020101 1200 24.73 1
 20020106 1200 23.10 1
 20020111 1200 24.24 1
 20020116 1200 23.43 1
 20020121 1200 23.85 1
 20020126 1200 23.45 1
 20020131 1200 24.33 1
 20020205 1200 25.31 1
 20020210 1200 25.87 1
 20020215 1200 26.48 1
 20020220 1200 27.54 1
 20020225 1200 27.45 1
 20020302 1200 27.22 1
 20020307 1200 28.07 1
 20020312 1200 27.22 1
 20020317 1200 27.81 1
 20020322 1200 28.27 1
 20020327 1200 27.82 2
 20020401 1200 27.60 2
 20020406 1200 27.60 2
 20020411 1200 26.96 2
 20020416 1200 26.31 2
 20020421 1200 25.78 2
 20020426 1200 26.21 2
 20020501 1200 25.66 2
 20020506 1200 25.02 2
 20020511 1200 24.65 2
 20020516 1200 24.78 2
 20020521 1200 24.60 2
 20020526 1200 26.12 2
 20020531 1200 24.02 2
 20020605 1200 23.34 2
 20020610 1200 23.77 2
 20020615 1200 23.12 2
 20020620 1200 23.70 2
 20020625 1200 24.65 2
 20020630 1200 24.05 2
 20020705 1200 22.87 2
 20020710 1200 22.42 2
 20020715 1200 21.76 2
 20020720 1200 21.64 2
 20020725 1200 20.88 2
 20020730 1200 20.75 2
 20020804 1200 20.26 2
 20020809 1200 21.34 2
 20020814 1200 21.64 2
 20020819 1200 20.45 2
 20020824 1200 20.87 2
 20020829 1200 20.95 2
 20020903 1200 21.61 2
 20020908 1200 24.09 2
 20020913 1200 20.94 2
 20020918 1200 20.56 2
 20020923 1200 21.50 2
 20020928 1200 25.42 2
 20021003 1200 23.34 2
 20021008 1200 21.61 2
 20021013 1200 23.62 2
 20021018 1200 22.39 2
 20021023 1200 22.66 1
 20021028 1200 23.98 1
 20021102 1200 24.92 1
 20021107 1200 23.70 1
 20021112 1200 22.60 1
 20021117 1200 23.40 1
 20021122 1200 23.71 1
 20021127 1200 23.89 1
 20021202 1200 24.10 1
 20021207 1200 24.24 1
 20021212 1200 25.71 1
 20021217 1200 25.75 1
 20021222 1200 23.97 1
 20021227 1200 25.00 1
 20030101 1200 26.26 1
 20030106 1200 25.37 1
 20030111 1200 25.65 1
 20030116 1200 26.69 1
 20030121 1200 25.85 1
 20030126 1200 24.40 1
 20030131 1200 23.80 1
 20030205 1200 24.36 1
 20030210 1200 25.80 1
 20030215 1200 25.55 1
 20030220 1200 25.80 1
 20030225 1200 24.96 1
 20030302 1200 25.59 1
 20030307 1200 27.96 1
 20030312 1200 27.47 1
 20030317 1200 26.42 1
 20030322 1200 27.30 1
 20030327 1200 25.70 1
 20030401 1200 23.92 1
 20030406 1200 25.00 1
 20030411 1200 25.57 1
 20030416 1200 25.51 1
 20030421 1200 24.92 1
 20030426 1200 22.29 1
 20030501 1200 22.95 1
 20030506 1200 22.96 1
 20030511 1200 23.29 1
 20030516 1200 22.76 1
 20030521 1200 22.91 1
 20030526 1200 23.54 1
 20030531 1200 23.43 1
 20030605 1200 21.92 1
 20030610 1200 21.95 1
 20030615 1200 22.36 1
 20030620 1200 23.20 1
 20030625 1200 24.85 1
 20030630 1200 22.71 1
 20030705 1200 21.40 1
 20030710 1200 21.43 1
 20030715 1200 21.63 1
 20030720 1200 22.67 1
 20030725 1200 23.47 1
 20030730 1200 24.83 1
 20030804 1200 21.61 1
 20030809 1200 21.19 1
 20030814 1200 23.26 1
 20030819 1200 23.55 1
 20030824 1200 20.60 1
 20030829 1200 23.41 1
 20030903 1200 22.81 1
 20030908 1200 20.26 1
 20030913 1200 21.63 1
 20030918 1200 24.09 1
 20030923 1200 19.45 1
 20030928 1200 22.25 1
 20031003 1200 25.06 1
 20031008 1200 23.54 1
 20031013 1200 21.08 1
 20031018 1200 20.94 1
 20031023 1200 24.86 1
 20031028 1200 23.48 1
 20031102 1200 22.92 1
 20031107 1200 22.18 1
 20031112 1200 23.48 1
 20031117 1200 23.26 1
 20031122 1200 22.18 2
 20031127 1200 23.17 2
 20031202 1200 22.64 2
 20031207 1200 24.25 2
 20031212 1200 23.89 2
 20031217 1200 24.75 2
 20031222 1200 23.19 2
 20031227 1200 23.51 2
 20040101 1200 24.71 2
 20040106 1200 -9.99 0
 20040111 1200 -9.99 0
 20040116 1200 24.92 2
 20040121 1200 23.75 2
 20040126 1200 24.21 2
 20040131 1200 23.55 2
 20040205 1200 24.23 2
 20040210 1200 26.41 2
 20040215 1200 26.91 2
 20040220 1200 25.94 2
 20040225 1200 24.28 2
 20040301 1200 23.46 2
 20040307 1200 24.82 2
 20040416 1200 26.67 2
 20040421 1200 25.52 2
 20040426 1200 22.70 2
 20040501 1200 22.92 2
 20040506 1200 23.49 2
 20040511 1200 23.80 2
 20040516 1200 23.71 2
 20040521 1200 23.48 2
 20040526 1200 23.59 2
 20040531 1200 23.03 2
 20040605 1200 23.54 2
 20040610 1200 23.65 2
 20041107 1200 24.26 1
 20041112 1200 23.49 1
 20041117 1200 22.41 1
 20041122 1200 22.47 1
 20041127 1200 23.32 1
 20041202 1200 22.79 1
 20041207 1200 22.07 1
 20041212 1200 22.74 1
 20041217 1200 24.02 1
 20041222 1200 23.92 1
 20041227 1200 23.91 1
 20050101 1200 25.31 1
 20050106 1200 24.06 1
 20050111 1200 24.03 1
 20050116 1200 25.02 1
 20050121 1200 25.10 1
 20050126 1200 24.24 1
 20050131 1200 23.92 1
 20050205 1200 24.33 1
 20050210 1200 25.51 1
 20050215 1200 24.56 1
 20050220 1200 24.31 1
 20050225 1200 24.98 1
 20050302 1200 25.09 1
 20050307 1200 25.40 1
 20050312 1200 27.68 1
 20050317 1200 26.99 1
 20050322 1200 24.36 1
 20050327 1200 23.91 1
 20050401 1200 25.32 1
 20050406 1200 25.09 1
 20050411 1200 26.40 1
 20050416 1200 26.30 1
 20050421 1200 27.14 1
 20050426 1200 27.86 1
 20050501 1200 26.93 1
 20050506 1200 26.49 1
 20050511 1200 25.32 1
 20050516 1200 24.88 1
 20050521 1200 25.46 1
 20050526 1200 26.63 1
 20050531 1200 22.72 1
 20050605 1200 22.72 1
 20050610 1200 23.86 1
 20050615 1200 24.13 1
 20050620 1200 21.91 1
 20050625 1200 23.29 1
 20050630 1200 24.44 1
 20050705 1200 22.61 1
 20050710 1200 22.95 1
 20050715 1200 24.76 1
 20050720 1200 22.43 1
 20050725 1200 21.59 1
 20050730 1200 22.35 1
 20050804 1200 21.37 1
 20050809 1200 21.12 1
 20050814 1200 22.43 1
 20050819 1200 23.98 1
 20050824 1200 23.88 1
 20050829 1200 21.93 1
 20050903 1200 19.73 1
 20050908 1200 21.06 1
 20050913 1200 20.04 1
 20050918 1200 19.35 1
 20050923 1200 22.37 1
 20050928 1200 20.02 1
 20051003 1200 18.54 1
 20051008 1200 21.96 1
 20051013 1200 20.89 1
 20051018 1200 19.84 1
 20051023 1200 20.59 1
 20051028 1200 21.82 1
 20051102 1200 19.54 1
 20051107 1200 20.29 1
 20051112 1200 23.58 1
 20051117 1200 22.35 1
 20051122 1200 22.72 1
 20051127 1200 22.04 1
 20051202 1200 21.60 1
 20051207 1200 20.54 1
 20051212 1200 21.61 1
 20051217 1200 21.28 1
 20051222 1200 23.84 1
 20051227 1200 23.02 1
 20060101 1200 23.14 1
 20060106 1200 24.89 1
 20060111 1200 22.56 1
 20060116 1200 22.89 1
 20060121 1200 24.62 1
 20060126 1200 24.77 1
 20060131 1200 24.77 1
 20060205 1200 24.94 1
 20060210 1200 26.91 1
 20060215 1200 27.76 1
 20060220 1200 27.65 1
 20060225 1200 26.88 1
 20060302 1200 27.71 1
 20060307 1200 27.57 1
 20060312 1200 24.52 1
 20060317 1200 26.18 1
 20060322 1200 24.85 1
 20060327 1200 25.64 1
 20060401 1200 26.85 1
 20060406 1200 26.13 1
 20060411 1200 25.26 1
 20060416 1200 24.82 1
 20060421 1200 24.45 1
 20060426 1200 25.81 1
 20060501 1200 27.27 1
 20060506 1200 25.75 1
 20060511 1200 25.58 1
 20060516 1200 25.06 1
 20060521 1200 24.73 1
 20060526 1200 24.93 1
 20060531 1200 24.48 1
 20060605 1200 23.86 1
 20060610 1200 23.90 1
 20060615 1200 25.91 1
 20060620 1200 24.09 1
 20060625 1200 23.32 1
 20060630 1200 22.95 1
 20060705 1200 22.99 1
 20060710 1200 22.58 1
 20060715 1200 24.58 1
 20060720 1200 24.86 1
 20060725 1200 23.85 1
 20060730 1200 22.68 1
 20060804 1200 23.62 1
 20060809 1200 21.35 1
 20060814 1200 21.48 1
 20060819 1200 22.73 1
 20060824 1200 23.20 1
 20060829 1200 22.50 1
 20060903 1200 22.27 1
 20060908 1200 24.94 1
 20060913 1200 25.24 1
 20060918 1200 23.40 1
 20060923 1200 22.68 1
 20060928 1200 23.11 1
 20061003 1200 23.65 1
 20061008 1200 25.77 1
 20061013 1200 25.16 1
 20061018 1200 23.00 1
 20061023 1200 23.46 1
 20061028 1200 24.59 1
 20061102 1200 23.87 1
 20061107 1200 24.25 1
 20061112 1200 24.76 2
 20061117 1200 23.67 2
 20061122 1200 24.62 2
 20061127 1200 23.67 2
 20061202 1200 23.66 2
 20061207 1200 23.22 2
 20061212 1200 23.88 2
 20061217 1200 24.17 2
 20061222 1200 24.96 2
 20061227 1200 24.67 2
 20070101 1200 24.63 2
 20070106 1200 25.15 2
 20070111 1200 26.73 2
 20070116 1200 26.56 2
 20070121 1200 24.90 2
 20070126 1200 25.98 2
 20070131 1200 26.86 2
 20070205 1200 26.55 2
 20070210 1200 27.08 2
 20070215 1200 25.03 2
 20070220 1200 27.31 2
 20070225 1200 25.28 2
 20070302 1200 25.66 2
 20070307 1200 25.77 2
 20070312 1200 27.85 2
 20070317 1200 27.34 2
 20070322 1200 23.55 2
 20070327 1200 23.12 2
 20070401 1200 22.93 2
 20070406 1200 24.18 2
 20070411 1200 23.93 2
 20070416 1200 24.31 2
 20070421 1200 25.07 2
 20070426 1200 24.35 2
 20070501 1200 23.38 2
 20070506 1200 23.52 2
 20070511 1200 23.91 2
 20070516 1200 23.46 2
 20070521 1200 23.18 2
 20070526 1200 23.19 2
 20071117 1200 21.16 2
 20071122 1200 18.75 2
 20071127 1200 19.15 2
 20071202 1200 20.54 2
 20071207 1200 19.53 2
 20071212 1200 19.84 2
 20071217 1200 21.67 2
 20071222 1200 20.56 2
 20071227 1200 22.88 2
 20080101 1200 21.48 2
 20080106 1200 23.05 2
 20080111 1200 22.43 2
 20080116 1200 24.25 2
 20080121 1200 23.81 2
 20080126 1200 23.38 2
 20080131 1200 23.89 2
 20080205 1200 26.43 2
 20080210 1200 24.99 2
 20080215 1200 24.79 2
 20080220 1200 26.51 2
 20080225 1200 27.31 2
 20080301 1200 27.54 2
 20080307 1200 27.38 2
 20080312 1200 27.66 2
 20080317 1200 28.28 2
 20080322 1200 28.51 2
 20080615 1200 24.01 1
 20080620 1200 23.81 1
 20080625 1200 23.51 1
 20080630 1200 24.75 1
 20080705 1200 26.59 1
 20080710 1200 24.79 1
 20080715 1200 25.86 1
 20080720 1200 23.75 1
 20080725 1200 22.81 1
 20080730 1200 23.76 1
 20080804 1200 24.55 1
 20080809 1200 26.10 1
 20080814 1200 25.09 1
 20080819 1200 23.30 1
 20080824 1200 23.46 1
 20080829 1200 23.99 1
 20080903 1200 24.37 1
 20080908 1200 22.31 1
 20080913 1200 22.83 1
 20080918 1200 21.36 1
 20080923 1200 23.52 1
 20080928 1200 22.62 1
 20081003 1200 21.98 1
 20081008 1200 -9.99 0
 20081013 1200 -9.99 0
 20081018 1200 -9.99 0
 20081023 1200 22.02 1
 20081028 1200 20.59 1
 20081102 1200 22.38 1
 20081107 1200 23.28 1
 20081112 1200 21.98 1
 20081117 1200 20.72 1
 20081122 1200 21.76 1
 20081127 1200 21.36 1
 20081202 1200 22.21 1
 20081207 1200 22.11 1
 20081212 1200 21.93 1
 20081217 1200 22.60 1
 20081222 1200 21.82 2
 20081227 1200 22.19 2
 20090101 1200 23.93 2
 20090106 1200 24.45 2
 20090111 1200 24.04 2
 20090116 1200 25.64 2
 20090121 1200 26.68 2
 20090126 1200 25.38 2
 20090131 1200 24.12 2
 20090205 1200 24.99 2
 20090210 1200 26.65 2
 20090215 1200 25.82 2
 20090220 1200 26.81 2
 20091003 1200 21.85 1
 20091008 1200 23.83 1
 20091013 1200 22.54 1
 20091018 1200 23.06 1
 20091023 1200 24.89 1
 20091028 1200 24.06 1
 20091102 1200 22.77 1
 20091107 1200 23.40 1
 20091112 1200 22.54 1
 20091117 1200 22.33 1
 20091122 1200 23.70 1
 20091127 1200 24.20 1
 20091202 1200 24.59 1
 20091207 1200 24.61 1
 20091212 1200 24.73 1
 20091217 1200 24.85 1
 20091222 1200 25.01 1
 20091227 1200 25.48 1
 20100101 1200 25.69 1
 20100106 1200 24.99 1
 20100111 1200 26.12 1
 20100116 1200 25.43 1
 20100121 1200 24.71 1
 20100126 1200 25.57 1
 20100131 1200 25.81 1
 20100205 1200 24.72 1
 20100210 1200 26.06 1
 20100215 1200 27.44 1
 20100220 1200 28.32 1
 20100225 1200 28.02 1
 20100302 1200 27.10 1
 20100307 1200 26.57 1
 20100312 1200 27.52 1
 20100317 1200 28.32 1
 20100322 1200 26.30 1
 20100327 1200 26.74 2
 20100401 1200 27.57 2
 20100406 1200 27.68 2
 20100411 1200 26.90 2
 20100416 1200 26.84 2
 20100421 1200 27.03 2
 20100426 1200 26.93 2
 20100501 1200 26.62 2
 20100506 1200 27.86 2
 20100804 1200 20.93 1
 20100809 1200 19.74 1
 20100814 1200 21.04 1
 20100819 1200 19.53 1
 20100824 1200 20.23 1
 20100829 1200 17.91 1
 20100903 1200 18.31 1
 20100908 1200 19.77 1
 20100913 1200 18.01 1
 20100918 1200 21.56 1
 20100923 1200 23.25 1
 20100928 1200 20.09 1
 20101003 1200 20.90 1
 20101008 1200 20.63 1
 20101013 1200 19.04 1
 20101018 1200 18.52 1
 20101023 1200 21.90 1
 20101028 1200 24.10 1
 20101102 1200 19.13 1
 20101107 1200 18.78 1
 20101112 1200 19.59 1
 20101117 1200 20.91 1
 20101122 1200 20.03 1
 20101127 1200 20.60 1
 20101202 1200 20.79 1
 20101207 1200 21.41 1
 20101212 1200 21.06 1
 20101217 1200 20.83 1
 20101222 1200 21.89 1
 20101227 1200 21.00 1
 20110101 1200 21.86 1
 20110106 1200 22.37 1
 20110111 1200 22.26 1
 20110116 1200 23.66 1
 20110121 1200 23.93 1
 20110126 1200 25.35 1
 20110131 1200 26.36 1
 20110205 1200 25.13 1
 20110210 1200 26.68 1
 20110215 1200 27.61 1
 20110220 1200 27.65 1
 20110225 1200 27.76 1
 20110302 1200 28.07 1
 20110307 1200 27.41 1
 20110312 1200 25.76 1
 20110317 1200 27.33 1
 20110322 1200 27.03 1
 20110327 1200 25.54 1
 20110401 1200 27.01 1
 20110406 1200 27.87 1
 20110411 1200 27.41 1
 20110416 1200 26.43 1
 20110421 1200 26.77 1
 20110426 1200 27.72 1
 20110501 1200 26.70 1
 20110506 1200 26.47 1
 20110511 1200 25.37 2
 20110516 1200 25.10 2
 20110521 1200 25.09 2
 20110526 1200 25.26 2
 20110531 1200 26.14 2
 20110605 1200 27.59 2
 20110610 1200 24.92 2
 20110615 1200 24.17 2
 20110620 1200 24.20 2
 20110625 1200 25.36 2
 20110630 1200 25.74 2
 20110705 1200 23.95 2
 20110710 1200 22.71 2
 20110715 1200 23.74 2
 20110720 1200 25.21 2
 20110725 1200 22.44 2
 20110730 1200 23.50 2
 20110804 1200 24.91 2
 20110809 1200 21.55 2
 20110814 1200 23.30 2
 20110819 1200 22.58 2
 20110824 1200 21.08 2
 20110829 1200 23.73 2
 20110903 1200 21.22 2
 20110908 1200 21.77 2
 20110913 1200 21.18 2
 20110918 1200 23.67 2
 20110923 1200 22.34 2
 20110928 1200 22.23 2
 20111003 1200 22.76 2
 20111008 1200 23.38 2
 20111013 1200 19.47 2
 20111018 1200 23.50 2
 20111023 1200 21.46 2
 20111028 1200 21.41 2
 20111102 1200 20.88 2
 20111107 1200 21.70 2
 20111112 1200 19.97 2
 20111117 1200 22.22 2
 20111122 1200 22.74 2
 20111127 1200 20.23 2
 20111202 1200 21.70 2
 20111207 1200 19.38 2
 20111212 1200 19.42 2
 20111217 1200 19.93 2
 20111222 1200 22.54 2
 20111227 1200 23.65 2
 20120101 1200 24.91 2
 20120106 1200 24.29 2
 20120111 1200 25.44 2
 20120225 1200 28.21 2
 20120301 1200 28.39 2
 20120307 1200 28.65 2
 20120312 1200 27.27 2
 20120317 1200 26.32 2
 20120322 1200 27.83 2
 20120327 1200 28.08 2
 20120401 1200 28.35 2
 20120406 1200 27.66 2
 20120411 1200 28.51 2
 20120416 1200 28.71 2
 20120421 1200 27.57 2
 20120426 1200 26.70 2
 20120501 1200 27.00 2
 20120506 1200 26.54 2
 20120511 1200 25.43 2
 20120516 1200 25.86 2
 20120521 1200 26.04 2
 20120526 1200 25.87 2
 20120531 1200 25.57 2
 20120605 1200 25.33 2
 20120610 1200 25.56 2
 20120615 1200 25.18 2
 20120620 1200 24.01 2
 20120625 1200 24.24 2
 20120630 1200 24.65 2
 20130406 1200 26.28 2
 20130411 1200 27.23 2
 20130416 1200 27.50 2
 20130421 1200 27.43 2
 20130426 1200 25.73 2
 20130501 1200 24.35 2
 20130506 1200 24.08 2
 20130511 1200 24.17 2
 20130516 1200 24.47 2
 20130521 1200 23.24 2
 20130526 1200 22.28 2
 20130531 1200 22.38 2
 20130605 1200 22.19 2
 20130610 1200 22.63 2
 20130615 1200 23.08 2
 20130620 1200 22.27 2
 20130625 1200 21.09 2
 20130630 1200 21.63 2
 20130705 1200 21.79 2
 20130710 1200 21.63 2
 20130715 1200 21.47 2
 20130720 1200 24.05 2
 20130725 1200 21.06 2
 20130730 1200 20.07 2
 20130804 1200 19.88 2
 20130809 1200 19.68 2
 20130814 1200 19.92 2
 20130819 1200 22.86 2
 20130824 1200 20.06 2
 20130829 1200 20.17 2
 20130903 1200 23.70 2
 20130908 1200 20.24 2
 20130913 1200 20.42 2
 20130918 1200 22.76 2
 20140620 1200 25.16 2
 20140625 1200 24.72 2
 20140630 1200 24.49 2
 20140705 1200 25.06 2
 20140710 1200 23.52 2
 20140715 1200 25.11 2
 20140720 1200 23.45 2
 20140725 1200 24.21 2
 20140730 1200 21.28 2
 20140804 1200 22.56 2
 20140809 1200 23.81 2
 20140814 1200 22.41 2
 20140819 1200 22.19 2
 20140824 1200 22.27 2
 20140829 1200 21.57 2
 20140903 1200 21.53 2
 20140908 1200 21.58 2
 20140913 1200 22.02 2
 20140918 1200 21.31 2
 20140923 1200 21.11 2
 20140928 1200 24.40 2
 20141003 1200 22.46 2
 20141008 1200 21.81 2
 20141013 1200 23.00 2
 20141018 1200 23.42 2
 20141023 1200 23.77 2
 20141028 1200 23.79 2
 20141102 1200 23.02 2
 20141107 1200 22.38 2
 20141112 1200 24.12 2
 20141117 1200 23.74 2
 20141122 1200 22.98 2
 20141127 1200 22.95 2
 20141202 1200 22.37 2
 20150421 1200 27.93 2
 20150426 1200 27.31 2
 20150501 1200 28.05 2
 20150506 1200 28.76 2
 20150511 1200 28.09 2
 20150516 1200 27.37 2
 20150521 1200 27.46 2
 20150526 1200 26.28 2
 20150531 1200 26.24 2
 20150605 1200 26.86 2
 20160312 1200 28.50 2
 20160317 1200 27.85 2
 20160322 1200 28.34 2
 20160327 1200 29.04 2
 20160401 1200 29.36 2
 20160406 1200 27.87 2
 20160411 1200 26.49 2
 20160416 1200 24.77 2
 20160421 1200 24.83 2
 20160426 1200 24.36 2
 20160501 1200 25.15 2
 20160506 1200 23.29 2
 20160511 1200 23.51 2
 20160516 1200 23.97 2
 20160521 1200 23.91 2
 20160526 1200 25.42 2
 20160531 1200 24.52 2
 20160605 1200 23.37 2
 20160610 1200 22.47 2
 20160615 1200 22.71 2
 20160620 1200 23.21 2
 20160625 1200 23.28 2
 20160630 1200 22.91 2
 20160705 1200 21.95 2
 20160710 1200 21.70 2
 20160715 1200 22.75 2
 20160720 1200 21.65 2
 20160725 1200 20.11 2
 20160730 1200 20.38 2
 20160804 1200 22.57 2
 20160809 1200 19.01 2
 20160814 1200 19.66 2
 20160819 1200 21.33 2
 20160824 1200 19.89 2
 20160829 1200 21.06 2
 20160903 1200 23.83 2
 20160908 1200 21.03 2
 20160913 1200 20.61 2
 20160918 1200 21.44 2
 20160923 1200 21.75 2
 20160928 1200 22.02 2
 20161003 1200 20.42 2
 20161008 1200 22.80 2
 20161013 1200 24.22 2
 20161018 1200 19.86 2
 20161023 1200 22.74 2
 20161028 1200 21.55 2
 20161102 1200 19.83 2
 20161107 1200 20.25 2
 20161112 1200 21.88 2
 20161117 1200 21.25 2
 20161122 1200 22.25 2
 20161127 1200 20.52 2
 20161202 1200 20.80 2
 20161207 1200 21.63 2
 20161212 1200 22.38 2
 20161217 1200 21.07 2
 20161222 1200 22.43 2
 20161227 1200 22.27 2
 20170101 1200 22.67 2
 20170106 1200 23.44 2
 20170111 1200 25.20 2
 20170116 1200 25.31 2
 20170121 1200 24.17 2
 20170126 1200 25.07 2
 20170131 1200 26.93 2
 20170205 1200 27.46 2
 20170210 1200 28.82 2
 20170215 1200 28.03 2
 20170220 1200 27.23 2
 20170225 1200 27.11 2
 20170302 1200 27.30 2
 20170307 1200 26.97 2
 20170312 1200 27.86 2
 20170317 1200 27.39 2
 20170322 1200 26.92 2
 20170327 1200 27.36 2
 20170620 1200 22.98 2
 20170625 1200 23.66 2
 20170630 1200 23.41 2
 20170705 1200 22.14 2
 20170710 1200 22.20 2
 20170715 1200 22.26 2
 20170720 1200 22.16 2
 20170725 1200 23.02 2
 20170730 1200 24.20 2
 20170804 1200 21.02 2
 20170809 1200 22.41 2
 20170814 1200 22.96 2
 20170819 1200 19.39 2
 20170824 1200 21.75 2
 20170829 1200 22.12 2
 20170903 1200 23.54 2
 20170908 1200 21.58 2
 20170913 1200 19.90 2
 20170918 1200 19.34 2
 20170923 1200 18.41 2
 20170928 1200 22.84 2
 20171003 1200 21.81 2
 20171008 1200 24.48 2
 20171013 1200 22.65 2
 20171018 1200 20.42 2
 20171023 1200 20.41 2
 20171028 1200 19.93 2
 20171102 1200 22.28 2
 20171107 1200 20.38 2
 20171112 1200 21.64 2
 20171117 1200 19.89 2
 20171122 1200 20.57 2
 20171127 1200 20.04 2
 20171202 1200 23.30 2
 20171207 1200 20.01 2
 20171212 1200 19.53 2
 20171217 1200 20.06 2
 20171222 1200 20.80 2
 20171227 1200 22.33 2
 20180101 1200 21.41 2
 20180106 1200 22.09 2
 20180111 1200 21.73 2
 20180116 1200 22.19 2
 20180121 1200 22.83 2
 20180126 1200 23.10 2
 20180131 1200 23.64 2
 20180205 1200 24.60 2
 20180210 1200 24.50 2
 20180215 1200 26.39 2
 20180220 1200 27.60 2
 20180225 1200 27.65 2
 20180302 1200 27.33 2
 20180307 1200 25.19 2
 20180312 1200 25.37 2
 20180317 1200 25.84 2
 20180322 1200 26.95 2
 20180327 1200 -9.99 0
 20180401 1200 -9.99 0
 20180406 1200 -9.99 0
 20180411 1200 -9.99 0
 20180416 1200 -9.99 0
 20180421 1200 25.59 2
 20180426 1200 26.46 2
 20180501 1200 25.90 2
 20180506 1200 25.44 2
 20180511 1200 26.05 2
 20180516 1200 24.30 2
 20180521 1200 24.44 2
 20180526 1200 24.46 2
 20180531 1200 23.71 2
