 Location:  0N 110W   7 Mar 1980 to 10 Jun 2018 ( 2794 times, 20 blocks) Gen. Date Jun 13 2018
 Units: Sea Surface Temperature (C), -9.99 = missing
 Time: 1200  7 Mar 1980 to 1200 22 Mar 1980 (index     1 to     4,    4 times)
 Depth (M):        1 QUALITY
 YYYYMMDD HHMM   SST Q
 19800307 1200 25.83 2
 19800312 1200 23.92 2
 19800317 1200 26.06 2
 19800322 1200 25.62 2
 Time: 1200 14 Aug 1980 to 1200 27 Mar 1981 (index    33 to    78,   46 times)
 Depth (M):        1 QUALITY
 YYYYMMDD HHMM   SST Q
 19800814 1200 21.49 2
 19800819 1200 21.75 2
 19800824 1200 22.10 2
 19800829 1200 23.54 2
 19800903 1200 22.53 2
 19800908 1200 21.80 2
 19800913 1200 22.03 2
 19800918 1200 23.22 2
 19800923 1200 23.73 2
 19800928 1200 22.00 2
 19801003 1200 21.91 2
 19801008 1200 20.96 2
 19801013 1200 20.62 2
 19801018 1200 20.79 2
 19801023 1200 21.48 2
 19801028 1200 21.77 2
 19801102 1200 23.18 2
 19801107 1200 24.48 2
 19801112 1200 22.88 2
 19801117 1200 22.71 2
 19801122 1200 22.71 2
 19801127 1200 24.32 2
 19801202 1200 22.27 2
 19801207 1200 22.81 2
 19801212 1200 23.27 2
 19801217 1200 25.13 2
 19801222 1200 23.29 2
 19801227 1200 23.00 2
 19810101 1200 22.56 2
 19810106 1200 22.50 2
 19810111 1200 22.45 2
 19810116 1200 22.74 2
 19810121 1200 22.90 2
 19810126 1200 22.96 2
 19810131 1200 23.08 2
 19810205 1200 23.79 2
 19810210 1200 25.63 2
 19810215 1200 23.78 2
 19810220 1200 23.75 2
 19810225 1200 24.01 2
 19810302 1200 24.13 2
 19810307 1200 24.35 2
 19810312 1200 24.50 2
 19810317 1200 26.51 2
 19810322 1200 27.57 2
 19810327 1200 27.10 2
 Time: 1200 15 Jul 1981 to 1200 19 Aug 1981 (index   100 to   107,    8 times)
 Depth (M):        1 QUALITY
 YYYYMMDD HHMM   SST Q
 19810715 1200 23.41 2
 19810720 1200 22.45 2
 19810725 1200 22.26 2
 19810730 1200 20.70 2
 19810804 1200 20.25 2
 19810809 1200 20.07 2
 19810814 1200 20.90 2
 19810819 1200 20.97 2
 Time: 1200  2 Nov 1981 to 1200 17 Nov 1981 (index   122 to   125,    4 times)
 Depth (M):        1 QUALITY
 YYYYMMDD HHMM   SST Q
 19811102 1200 21.70 2
 19811107 1200 21.56 2
 19811112 1200 23.31 2
 19811117 1200 23.40 2
 Time: 1200 28 Oct 1982 to 1200 21 Apr 1983 (index   194 to   229,   36 times)
 Depth (M):        1 QUALITY
 YYYYMMDD HHMM   SST Q
 19821028 1200 26.47 2
 19821102 1200 26.33 2
 19821107 1200 26.43 2
 19821112 1200 26.43 2
 19821117 1200 26.57 2
 19821122 1200 26.86 2
 19821127 1200 27.02 2
 19821202 1200 26.98 2
 19821207 1200 27.20 2
 19821212 1200 27.44 2
 19821217 1200 27.56 2
 19821222 1200 27.76 2
 19821227 1200 27.89 2
 19830101 1200 28.07 2
 19830106 1200 28.06 2
 19830111 1200 28.17 2
 19830116 1200 28.19 2
 19830121 1200 28.15 2
 19830126 1200 28.00 2
 19830131 1200 28.11 2
 19830205 1200 28.24 2
 19830210 1200 28.35 2
 19830215 1200 28.53 2
 19830220 1200 28.52 2
 19830225 1200 29.44 2
 19830302 1200 29.10 2
 19830307 1200 29.14 2
 19830312 1200 28.58 2
 19830317 1200 28.82 2
 19830322 1200 28.99 2
 19830327 1200 29.04 2
 19830401 1200 29.10 2
 19830406 1200 29.32 2
 19830411 1200 29.59 2
 19830416 1200 29.48 2
 19830421 1200 29.02 2
 Time: 1200  2 Nov 1983 to 1200 27 Nov 1984 (index   268 to   346,   79 times)
 Depth (M):        1 QUALITY
 YYYYMMDD HHMM   SST Q
 19831102 1200 22.28 2
 19831107 1200 22.55 2
 19831112 1200 21.14 2
 19831117 1200 20.60 2
 19831122 1200 19.97 2
 19831127 1200 19.86 2
 19831202 1200 19.93 2
 19831207 1200 19.82 2
 19831212 1200 19.80 2
 19831217 1200 20.42 2
 19831222 1200 20.45 2
 19831227 1200 20.68 2
 19840101 1200 22.95 2
 19840106 1200 21.56 2
 19840111 1200 20.91 2
 19840116 1200 22.23 2
 19840121 1200 22.14 2
 19840126 1200 21.95 2
 19840131 1200 22.60 2
 19840205 1200 23.41 2
 19840210 1200 24.71 2
 19840215 1200 24.38 2
 19840220 1200 26.17 2
 19840225 1200 26.91 2
 19840301 1200 26.71 2
 19840307 1200 26.03 2
 19840312 1200 25.93 2
 19840317 1200 25.45 2
 19840322 1200 25.62 2
 19840327 1200 26.04 2
 19840401 1200 26.29 2
 19840406 1200 27.61 2
 19840411 1200 26.98 2
 19840416 1200 25.65 2
 19840421 1200 25.51 2
 19840426 1200 24.91 2
 19840501 1200 24.48 2
 19840506 1200 24.08 2
 19840511 1200 23.53 2
 19840516 1200 23.65 2
 19840521 1200 23.40 2
 19840526 1200 23.41 2
 19840531 1200 23.51 2
 19840605 1200 22.43 2
 19840610 1200 22.47 2
 19840615 1200 22.92 2
 19840620 1200 22.78 2
 19840625 1200 21.89 2
 19840630 1200 21.41 2
 19840705 1200 21.73 2
 19840710 1200 22.69 2
 19840715 1200 22.16 2
 19840720 1200 21.61 2
 19840725 1200 21.37 2
 19840730 1200 21.96 2
 19840804 1200 22.95 2
 19840809 1200 21.93 2
 19840814 1200 21.83 2
 19840819 1200 21.85 2
 19840824 1200 22.12 2
 19840829 1200 21.42 2
 19840903 1200 20.81 2
 19840908 1200 21.04 2
 19840913 1200 20.87 2
 19840918 1200 22.36 2
 19840923 1200 20.53 2
 19840928 1200 20.79 2
 19841003 1200 20.76 2
 19841008 1200 21.54 2
 19841013 1200 20.91 2
 19841018 1200 21.45 2
 19841023 1200 22.11 2
 19841028 1200 24.24 2
 19841102 1200 22.00 2
 19841107 1200 23.32 2
 19841112 1200 23.75 2
 19841117 1200 21.21 2
 19841122 1200 20.46 2
 19841127 1200 20.83 2
 Time: 1200 11 May 1985 to 1200 17 Mar 1996 (index   379 to  1171,  793 times)
 Depth (M):        1 QUALITY
 YYYYMMDD HHMM   SST Q
 19850511 1200 24.22 2
 19850516 1200 24.69 2
 19850521 1200 23.75 2
 19850526 1200 23.54 2
 19850531 1200 23.90 2
 19850605 1200 24.17 2
 19850610 1200 24.35 2
 19850615 1200 23.44 2
 19850620 1200 23.15 2
 19850625 1200 22.40 2
 19850630 1200 22.63 2
 19850705 1200 22.85 2
 19850710 1200 23.77 2
 19850715 1200 21.86 2
 19850720 1200 21.50 2
 19850725 1200 21.25 2
 19850730 1200 20.91 2
 19850804 1200 23.15 2
 19850809 1200 21.92 2
 19850814 1200 21.26 2
 19850819 1200 22.06 2
 19850824 1200 22.11 2
 19850829 1200 22.41 2
 19850903 1200 22.66 2
 19850908 1200 21.36 2
 19850913 1200 21.31 2
 19850918 1200 21.40 2
 19850923 1200 21.24 2
 19850928 1200 20.68 2
 19851003 1200 23.13 2
 19851008 1200 21.69 2
 19851013 1200 20.95 2
 19851018 1200 20.77 2
 19851023 1200 21.04 2
 19851028 1200 23.23 2
 19851102 1200 21.87 2
 19851107 1200 21.18 2
 19851112 1200 21.17 2
 19851117 1200 21.28 2
 19851122 1200 21.60 2
 19851127 1200 21.73 2
 19851202 1200 21.83 2
 19851207 1200 21.89 2
 19851212 1200 21.73 2
 19851217 1200 21.86 2
 19851222 1200 21.78 2
 19851227 1200 22.44 2
 19860101 1200 22.46 2
 19860106 1200 22.59 2
 19860111 1200 22.59 2
 19860116 1200 23.28 2
 19860121 1200 23.79 2
 19860126 1200 23.29 2
 19860131 1200 23.69 2
 19860205 1200 24.88 2
 19860210 1200 25.77 2
 19860215 1200 24.91 2
 19860220 1200 25.89 2
 19860225 1200 26.59 2
 19860302 1200 27.28 2
 19860307 1200 26.15 2
 19860312 1200 25.95 2
 19860317 1200 26.51 2
 19860322 1200 24.97 2
 19860327 1200 24.62 2
 19860401 1200 24.77 2
 19860406 1200 25.44 2
 19860411 1200 25.54 2
 19860416 1200 26.80 2
 19860421 1200 27.01 2
 19860426 1200 26.77 2
 19860501 1200 25.85 2
 19860506 1200 25.35 2
 19860511 1200 25.14 2
 19860516 1200 24.54 2
 19860521 1200 25.20 2
 19860526 1200 24.96 2
 19860531 1200 24.50 2
 19860605 1200 24.59 2
 19860610 1200 24.43 2
 19860615 1200 24.88 2
 19860620 1200 25.04 2
 19860625 1200 25.14 2
 19860630 1200 24.56 2
 19860705 1200 24.53 2
 19860710 1200 23.49 2
 19860715 1200 22.98 2
 19860720 1200 23.12 2
 19860725 1200 24.64 2
 19860730 1200 22.63 2
 19860804 1200 21.87 2
 19860809 1200 21.78 2
 19860814 1200 21.13 2
 19860819 1200 22.86 2
 19860824 1200 22.15 2
 19860829 1200 22.15 2
 19860903 1200 22.50 2
 19860908 1200 22.75 2
 19860913 1200 23.02 2
 19860918 1200 23.48 2
 19860923 1200 23.66 2
 19860928 1200 23.70 2
 19861003 1200 23.48 2
 19861008 1200 24.93 2
 19861013 1200 24.66 2
 19861018 1200 24.22 2
 19861023 1200 24.25 2
 19861028 1200 24.43 2
 19861102 1200 24.47 2
 19861107 1200 24.39 2
 19861112 1200 24.23 2
 19861117 1200 24.27 2
 19861122 1200 24.02 2
 19861127 1200 23.47 2
 19861202 1200 23.17 2
 19861207 1200 23.66 2
 19861212 1200 23.66 2
 19861217 1200 23.33 2
 19861222 1200 23.53 2
 19861227 1200 23.92 2
 19870101 1200 24.94 2
 19870106 1200 25.24 2
 19870111 1200 25.57 2
 19870116 1200 26.21 2
 19870121 1200 25.79 2
 19870126 1200 26.16 2
 19870131 1200 26.42 2
 19870205 1200 26.86 2
 19870210 1200 26.56 2
 19870215 1200 26.15 2
 19870220 1200 27.08 2
 19870225 1200 27.48 2
 19870302 1200 -9.99 0
 19870307 1200 -9.99 0
 19870312 1200 27.51 2
 19870317 1200 27.81 2
 19870322 1200 28.58 2
 19870327 1200 27.64 2
 19870401 1200 27.53 2
 19870406 1200 28.41 2
 19870411 1200 -9.99 0
 19870416 1200 -9.99 0
 19870421 1200 -9.99 0
 19870426 1200 -9.99 0
 19870501 1200 27.96 2
 19870506 1200 28.04 2
 19870511 1200 27.22 2
 19870516 1200 26.84 2
 19870521 1200 26.82 2
 19870526 1200 26.45 2
 19870531 1200 26.10 2
 19870605 1200 26.13 2
 19870610 1200 26.43 2
 19870615 1200 26.15 2
 19870620 1200 25.80 2
 19870625 1200 25.91 2
 19870630 1200 26.01 2
 19870705 1200 26.60 2
 19870710 1200 26.86 2
 19870715 1200 25.74 2
 19870720 1200 24.96 2
 19870725 1200 23.97 2
 19870730 1200 23.96 2
 19870804 1200 23.98 2
 19870809 1200 23.74 2
 19870814 1200 23.64 2
 19870819 1200 23.67 2
 19870824 1200 24.33 2
 19870829 1200 25.11 2
 19870903 1200 26.05 2
 19870908 1200 26.03 2
 19870913 1200 24.70 2
 19870918 1200 24.66 2
 19870923 1200 26.00 2
 19870928 1200 24.44 2
 19871003 1200 24.62 2
 19871008 1200 25.67 2
 19871013 1200 24.21 2
 19871018 1200 23.74 2
 19871023 1200 23.73 2
 19871028 1200 23.62 2
 19871102 1200 24.15 2
 19871107 1200 23.25 2
 19871112 1200 23.56 2
 19871117 1200 23.61 2
 19871122 1200 24.46 2
 19871127 1200 23.54 2
 19871202 1200 23.38 2
 19871207 1200 23.38 2
 19871212 1200 23.50 2
 19871217 1200 23.61 2
 19871222 1200 24.21 2
 19871227 1200 25.20 2
 19880101 1200 24.43 2
 19880106 1200 24.13 2
 19880111 1200 23.53 2
 19880116 1200 24.02 2
 19880121 1200 23.61 2
 19880126 1200 23.75 2
 19880131 1200 23.38 2
 19880205 1200 23.94 2
 19880210 1200 24.67 2
 19880215 1200 24.83 2
 19880220 1200 25.29 2
 19880225 1200 25.88 2
 19880301 1200 26.90 2
 19880307 1200 26.94 2
 19880312 1200 26.03 2
 19880317 1200 26.69 2
 19880322 1200 25.06 2
 19880327 1200 22.87 2
 19880401 1200 23.63 2
 19880406 1200 23.14 2
 19880411 1200 24.94 2
 19880416 1200 23.68 2
 19880421 1200 22.63 2
 19880426 1200 23.18 2
 19880501 1200 22.35 2
 19880506 1200 22.66 2
 19880511 1200 22.77 2
 19880516 1200 21.57 2
 19880521 1200 19.37 2
 19880526 1200 19.93 2
 19880531 1200 20.88 2
 19880605 1200 19.80 2
 19880610 1200 20.34 2
 19880615 1200 21.00 2
 19880620 1200 20.93 2
 19880625 1200 21.78 2
 19880630 1200 23.27 2
 19880705 1200 22.13 2
 19880710 1200 21.37 2
 19880715 1200 21.51 2
 19880720 1200 20.83 2
 19880725 1200 21.54 2
 19880730 1200 20.93 2
 19880804 1200 20.18 2
 19880809 1200 20.15 2
 19880814 1200 20.11 2
 19880819 1200 21.08 2
 19880824 1200 21.70 2
 19880829 1200 21.04 2
 19880903 1200 20.73 2
 19880908 1200 21.15 2
 19880913 1200 21.21 2
 19880918 1200 21.13 2
 19880923 1200 20.61 2
 19880928 1200 19.96 2
 19881003 1200 20.43 2
 19881008 1200 20.79 2
 19881013 1200 21.51 2
 19881018 1200 20.12 2
 19881023 1200 20.53 2
 19881028 1200 20.54 2
 19881102 1200 20.35 2
 19881107 1200 19.97 2
 19881112 1200 20.20 2
 19881117 1200 20.44 2
 19881122 1200 18.80 2
 19881127 1200 18.55 2
 19881202 1200 18.51 2
 19881207 1200 18.97 2
 19881212 1200 18.21 2
 19881217 1200 19.07 2
 19881222 1200 19.09 2
 19881227 1200 20.01 2
 19890101 1200 20.67 2
 19890106 1200 20.20 2
 19890111 1200 20.89 2
 19890116 1200 20.45 2
 19890121 1200 21.48 2
 19890126 1200 24.58 2
 19890131 1200 23.90 2
 19890205 1200 23.37 2
 19890210 1200 23.56 2
 19890215 1200 25.35 2
 19890220 1200 26.74 2
 19890225 1200 25.81 2
 19890302 1200 24.50 2
 19890307 1200 24.89 2
 19890312 1200 24.83 2
 19890317 1200 24.40 2
 19890322 1200 25.17 2
 19890327 1200 25.06 2
 19890401 1200 24.65 2
 19890406 1200 24.50 2
 19890411 1200 25.40 2
 19890416 1200 25.63 2
 19890421 1200 25.32 2
 19890426 1200 25.31 2
 19890501 1200 25.36 2
 19890506 1200 24.76 2
 19890511 1200 24.44 2
 19890516 1200 25.05 2
 19890521 1200 24.83 2
 19890526 1200 25.63 2
 19890531 1200 24.78 2
 19890605 1200 24.40 2
 19890610 1200 25.38 2
 19890615 1200 25.82 2
 19890620 1200 25.56 2
 19890625 1200 23.41 2
 19890630 1200 22.97 2
 19890705 1200 22.66 2
 19890710 1200 23.12 2
 19890715 1200 22.92 2
 19890720 1200 22.55 2
 19890725 1200 22.18 2
 19890730 1200 22.34 2
 19890804 1200 21.56 2
 19890809 1200 21.43 2
 19890814 1200 22.00 2
 19890819 1200 22.40 2
 19890824 1200 21.87 2
 19890829 1200 22.00 2
 19890903 1200 21.47 2
 19890908 1200 21.61 2
 19890913 1200 21.00 2
 19890918 1200 22.80 2
 19890923 1200 21.35 2
 19890928 1200 22.15 2
 19891003 1200 22.31 2
 19891008 1200 21.91 2
 19891013 1200 21.70 2
 19891018 1200 22.00 2
 19891023 1200 22.14 2
 19891028 1200 21.77 2
 19891102 1200 21.82 2
 19891107 1200 21.93 2
 19891112 1200 22.19 2
 19891117 1200 24.07 2
 19891122 1200 21.98 2
 19891127 1200 22.13 2
 19891202 1200 21.62 2
 19891207 1200 21.71 2
 19891212 1200 21.04 2
 19891217 1200 21.49 2
 19891222 1200 22.39 2
 19891227 1200 23.25 2
 19900101 1200 24.11 2
 19900106 1200 23.37 2
 19900111 1200 23.52 2
 19900116 1200 24.22 2
 19900121 1200 24.33 2
 19900126 1200 24.33 2
 19900131 1200 24.60 2
 19900205 1200 25.16 2
 19900210 1200 25.02 2
 19900215 1200 25.22 2
 19900220 1200 26.21 2
 19900225 1200 25.54 2
 19900302 1200 25.53 2
 19900307 1200 25.18 2
 19900312 1200 25.53 2
 19900317 1200 25.80 2
 19900322 1200 26.45 2
 19900327 1200 26.71 2
 19900401 1200 26.97 2
 19900406 1200 26.87 2
 19900411 1200 26.98 2
 19900416 1200 26.91 2
 19900421 1200 26.55 2
 19900426 1200 26.70 2
 19900501 1200 26.49 2
 19900506 1200 26.12 2
 19900511 1200 26.28 2
 19900516 1200 25.96 2
 19900521 1200 25.69 2
 19900526 1200 26.16 2
 19900531 1200 26.08 2
 19900605 1200 25.44 2
 19900610 1200 24.80 2
 19900615 1200 25.54 2
 19900620 1200 26.34 2
 19900625 1200 23.53 2
 19900630 1200 23.44 2
 19900705 1200 22.93 2
 19900710 1200 22.36 2
 19900715 1200 24.57 2
 19900720 1200 22.31 2
 19900725 1200 22.14 2
 19900730 1200 22.41 2
 19900804 1200 22.89 2
 19900809 1200 23.41 2
 19900814 1200 24.37 2
 19900819 1200 22.49 2
 19900824 1200 22.99 2
 19900829 1200 23.55 2
 19900903 1200 22.74 2
 19900908 1200 22.50 2
 19900913 1200 22.70 2
 19900918 1200 23.02 2
 19900923 1200 23.85 2
 19900928 1200 22.31 2
 19901003 1200 22.31 2
 19901008 1200 22.16 2
 19901013 1200 22.83 2
 19901018 1200 23.81 2
 19901023 1200 22.39 2
 19901028 1200 22.70 2
 19901102 1200 23.07 2
 19901107 1200 22.65 2
 19901112 1200 22.37 2
 19901117 1200 22.33 2
 19901122 1200 22.60 2
 19901127 1200 22.60 2
 19901202 1200 22.31 2
 19901207 1200 22.01 2
 19901212 1200 21.74 2
 19901217 1200 22.16 2
 19901222 1200 23.59 2
 19901227 1200 23.68 2
 19910101 1200 23.06 2
 19910106 1200 23.71 2
 19910111 1200 23.99 2
 19910116 1200 24.26 2
 19910121 1200 25.08 2
 19910126 1200 24.95 2
 19910131 1200 24.94 2
 19910205 1200 25.15 2
 19910210 1200 25.54 2
 19910215 1200 25.03 2
 19910220 1200 25.11 2
 19910225 1200 25.90 2
 19910302 1200 25.94 2
 19910307 1200 25.94 2
 19910312 1200 27.23 2
 19910317 1200 26.26 2
 19910322 1200 25.75 2
 19910327 1200 25.99 2
 19910401 1200 24.66 2
 19910406 1200 24.71 2
 19910411 1200 24.75 2
 19910416 1200 26.43 2
 19910421 1200 26.82 2
 19910426 1200 26.73 2
 19910501 1200 27.17 2
 19910506 1200 27.25 2
 19910511 1200 27.25 2
 19910516 1200 27.60 2
 19910521 1200 28.01 2
 19910526 1200 27.38 2
 19910531 1200 26.42 2
 19910605 1200 26.34 2
 19910610 1200 26.02 2
 19910615 1200 26.17 2
 19910620 1200 26.16 2
 19910625 1200 26.32 2
 19910630 1200 26.34 2
 19910705 1200 26.90 2
 19910710 1200 26.27 2
 19910715 1200 24.99 2
 19910720 1200 24.82 2
 19910725 1200 25.08 2
 19910730 1200 23.22 2
 19910804 1200 23.50 2
 19910809 1200 24.14 2
 19910814 1200 22.84 2
 19910819 1200 22.72 2
 19910824 1200 22.94 2
 19910829 1200 22.48 2
 19910903 1200 21.83 2
 19910908 1200 22.51 2
 19910913 1200 22.49 2
 19910918 1200 21.76 2
 19910923 1200 23.86 2
 19910928 1200 23.98 2
 19911003 1200 24.29 2
 19911008 1200 22.84 2
 19911013 1200 23.24 2
 19911018 1200 23.81 2
 19911023 1200 24.09 2
 19911028 1200 24.27 2
 19911102 1200 24.25 2
 19911107 1200 24.23 2
 19911112 1200 24.52 2
 19911117 1200 24.66 2
 19911122 1200 24.16 2
 19911127 1200 24.43 2
 19911202 1200 25.05 2
 19911207 1200 25.44 2
 19911212 1200 24.57 2
 19911217 1200 24.65 2
 19911222 1200 25.00 2
 19911227 1200 25.02 2
 19920101 1200 25.43 2
 19920106 1200 25.64 2
 19920111 1200 26.10 2
 19920116 1200 26.19 2
 19920121 1200 26.27 2
 19920126 1200 26.31 2
 19920131 1200 26.67 2
 19920205 1200 26.37 2
 19920210 1200 26.55 2
 19920215 1200 26.59 2
 19920220 1200 26.79 2
 19920225 1200 26.84 2
 19920301 1200 27.16 2
 19920307 1200 27.61 2
 19920312 1200 27.59 2
 19920317 1200 27.66 2
 19920322 1200 28.03 2
 19920327 1200 28.31 2
 19920401 1200 28.55 2
 19920406 1200 28.09 2
 19920411 1200 27.94 2
 19920416 1200 28.69 2
 19920421 1200 27.87 2
 19920426 1200 27.92 2
 19920501 1200 27.82 2
 19920506 1200 28.44 2
 19920511 1200 28.72 2
 19920516 1200 26.95 2
 19920521 1200 27.21 2
 19920526 1200 27.10 2
 19920531 1200 27.18 2
 19920605 1200 24.63 2
 19920610 1200 23.66 2
 19920615 1200 23.62 2
 19920620 1200 23.38 2
 19920625 1200 23.43 2
 19920630 1200 22.99 2
 19920705 1200 23.11 2
 19920710 1200 24.16 2
 19920715 1200 22.82 2
 19920720 1200 22.21 2
 19920725 1200 22.32 2
 19920730 1200 22.01 2
 19920804 1200 21.66 2
 19920809 1200 22.29 2
 19920814 1200 22.85 2
 19920819 1200 22.37 2
 19920824 1200 21.85 2
 19920829 1200 20.90 2
 19920903 1200 20.42 2
 19920908 1200 21.60 2
 19920913 1200 21.81 2
 19920918 1200 21.50 2
 19920923 1200 22.08 2
 19920928 1200 21.87 2
 19921003 1200 23.64 2
 19921008 1200 21.80 2
 19921013 1200 21.72 2
 19921018 1200 22.23 2
 19921023 1200 22.85 2
 19921028 1200 23.98 2
 19921102 1200 22.37 2
 19921107 1200 22.41 2
 19921112 1200 22.19 2
 19921117 1200 22.36 2
 19921122 1200 21.82 2
 19921127 1200 21.87 2
 19921202 1200 21.83 2
 19921207 1200 22.36 2
 19921212 1200 23.37 2
 19921217 1200 23.15 2
 19921222 1200 23.06 2
 19921227 1200 23.57 2
 19930101 1200 23.72 2
 19930106 1200 23.61 2
 19930111 1200 23.97 2
 19930116 1200 24.72 2
 19930121 1200 25.17 2
 19930126 1200 24.78 2
 19930131 1200 24.79 2
 19930205 1200 25.16 2
 19930210 1200 25.53 2
 19930215 1200 25.85 2
 19930220 1200 25.48 2
 19930225 1200 25.25 2
 19930302 1200 26.27 2
 19930307 1200 26.85 2
 19930312 1200 26.33 2
 19930317 1200 26.54 2
 19930322 1200 27.29 2
 19930327 1200 27.84 2
 19930401 1200 28.45 2
 19930406 1200 28.29 2
 19930411 1200 27.47 2
 19930416 1200 27.90 2
 19930421 1200 27.37 2
 19930426 1200 27.37 2
 19930501 1200 27.25 2
 19930506 1200 26.97 2
 19930511 1200 26.85 2
 19930516 1200 27.01 2
 19930521 1200 26.79 2
 19930526 1200 26.47 2
 19930531 1200 26.53 2
 19930605 1200 26.23 2
 19930610 1200 25.81 2
 19930615 1200 25.26 2
 19930620 1200 25.06 2
 19930625 1200 24.48 2
 19930630 1200 25.65 2
 19930705 1200 24.40 2
 19930710 1200 24.03 2
 19930715 1200 23.88 2
 19930720 1200 23.12 2
 19930725 1200 22.59 2
 19930730 1200 22.78 2
 19930804 1200 22.17 2
 19930809 1200 21.79 2
 19930814 1200 21.93 2
 19930819 1200 22.58 2
 19930824 1200 25.34 2
 19930829 1200 22.45 2
 19930903 1200 22.94 2
 19930908 1200 22.42 2
 19930913 1200 21.87 2
 19930918 1200 22.16 2
 19930923 1200 22.42 2
 19930928 1200 22.86 2
 19931003 1200 23.27 2
 19931008 1200 23.72 2
 19931013 1200 23.75 2
 19931018 1200 24.66 2
 19931023 1200 23.30 2
 19931028 1200 23.39 2
 19931102 1200 23.60 2
 19931107 1200 23.41 2
 19931112 1200 22.37 2
 19931117 1200 22.49 2
 19931122 1200 22.99 2
 19931127 1200 23.88 2
 19931202 1200 23.07 2
 19931207 1200 22.81 2
 19931212 1200 23.13 2
 19931217 1200 23.32 2
 19931222 1200 23.50 2
 19931227 1200 23.56 2
 19940101 1200 23.47 2
 19940106 1200 24.20 2
 19940111 1200 23.98 2
 19940116 1200 23.98 2
 19940121 1200 23.99 2
 19940126 1200 23.60 2
 19940131 1200 24.40 2
 19940205 1200 25.47 2
 19940210 1200 24.35 2
 19940215 1200 24.45 2
 19940220 1200 24.32 2
 19940225 1200 24.98 2
 19940302 1200 26.07 2
 19940307 1200 26.65 2
 19940312 1200 25.82 2
 19940317 1200 25.35 2
 19940322 1200 24.68 2
 19940327 1200 25.01 2
 19940401 1200 24.42 2
 19940406 1200 24.70 2
 19940411 1200 24.66 2
 19940416 1200 24.68 2
 19940421 1200 25.01 2
 19940426 1200 24.80 2
 19940501 1200 24.88 2
 19940506 1200 24.83 2
 19940511 1200 24.72 2
 19940516 1200 25.29 2
 19940521 1200 26.09 2
 19940526 1200 27.54 2
 19940531 1200 27.71 2
 19940605 1200 27.17 2
 19940610 1200 25.35 2
 19940615 1200 25.28 2
 19940620 1200 24.65 2
 19940625 1200 24.62 2
 19940630 1200 25.64 2
 19940705 1200 23.04 2
 19940710 1200 22.75 2
 19940715 1200 22.20 2
 19940720 1200 22.09 2
 19940725 1200 21.20 2
 19940730 1200 20.83 2
 19940804 1200 21.43 2
 19940809 1200 23.26 2
 19940814 1200 24.07 2
 19940819 1200 21.73 2
 19940824 1200 21.78 2
 19940829 1200 22.20 2
 19940903 1200 22.12 2
 19940908 1200 23.21 2
 19940913 1200 23.48 2
 19940918 1200 22.76 2
 19940923 1200 22.81 2
 19940928 1200 23.04 2
 19941003 1200 23.45 2
 19941008 1200 24.16 2
 19941013 1200 25.00 2
 19941018 1200 25.76 2
 19941023 1200 24.66 2
 19941028 1200 23.70 2
 19941102 1200 24.17 2
 19941107 1200 24.24 2
 19941112 1200 23.82 2
 19941117 1200 24.10 2
 19941122 1200 24.09 2
 19941127 1200 24.10 2
 19941202 1200 23.86 2
 19941207 1200 23.85 2
 19941212 1200 24.33 2
 19941217 1200 24.51 2
 19941222 1200 25.37 2
 19941227 1200 24.62 2
 19950101 1200 24.77 2
 19950106 1200 25.25 2
 19950111 1200 24.82 2
 19950116 1200 24.76 2
 19950121 1200 26.05 2
 19950126 1200 25.10 2
 19950131 1200 25.71 2
 19950205 1200 26.45 2
 19950210 1200 26.82 2
 19950215 1200 26.13 2
 19950220 1200 25.95 2
 19950225 1200 25.97 2
 19950302 1200 25.06 2
 19950307 1200 24.52 2
 19950312 1200 24.89 2
 19950317 1200 24.06 2
 19950322 1200 24.87 2
 19950327 1200 25.52 2
 19950401 1200 25.47 2
 19950406 1200 25.29 2
 19950411 1200 25.57 2
 19950416 1200 25.85 2
 19950421 1200 24.92 2
 19950426 1200 24.62 2
 19950501 1200 23.92 2
 19950506 1200 23.13 2
 19950511 1200 23.73 2
 19950516 1200 23.96 2
 19950521 1200 23.62 2
 19950526 1200 24.13 2
 19950531 1200 24.28 2
 19950605 1200 25.75 2
 19950610 1200 25.04 2
 19950615 1200 24.80 2
 19950620 1200 24.36 2
 19950625 1200 24.05 2
 19950630 1200 23.91 2
 19950705 1200 23.36 2
 19950710 1200 24.24 2
 19950715 1200 25.28 2
 19950720 1200 23.19 2
 19950725 1200 22.97 2
 19950730 1200 22.68 2
 19950804 1200 21.06 2
 19950809 1200 21.59 2
 19950814 1200 21.78 2
 19950819 1200 20.97 2
 19950824 1200 20.95 2
 19950829 1200 21.85 2
 19950903 1200 21.70 2
 19950908 1200 20.64 2
 19950913 1200 20.94 2
 19950918 1200 21.82 2
 19950923 1200 21.57 2
 19950928 1200 20.97 2
 19951003 1200 21.99 2
 19951008 1200 22.38 2
 19951013 1200 20.67 2
 19951018 1200 21.01 2
 19951023 1200 21.04 2
 19951028 1200 20.60 2
 19951102 1200 20.44 2
 19951107 1200 20.99 2
 19951112 1200 21.35 2
 19951117 1200 21.38 2
 19951122 1200 21.54 2
 19951127 1200 21.29 2
 19951202 1200 21.44 2
 19951207 1200 21.05 2
 19951212 1200 21.84 2
 19951217 1200 20.97 2
 19951222 1200 21.27 2
 19951227 1200 22.47 2
 19960101 1200 22.08 2
 19960106 1200 21.59 2
 19960111 1200 22.03 2
 19960116 1200 23.21 2
 19960121 1200 23.75 2
 19960126 1200 24.03 2
 19960131 1200 23.36 2
 19960205 1200 23.71 2
 19960210 1200 24.92 2
 19960215 1200 25.06 2
 19960220 1200 25.33 2
 19960225 1200 25.11 2
 19960301 1200 25.73 2
 19960307 1200 26.66 2
 19960312 1200 26.65 2
 19960317 1200 26.57 2
 Time: 1200 21 May 1996 to 1200  1 May 1998 (index  1184 to  1326,  143 times)
 Depth (M):        1 QUALITY
 YYYYMMDD HHMM   SST Q
 19960521 1200 24.01 2
 19960526 1200 23.62 2
 19960531 1200 24.06 2
 19960605 1200 23.99 2
 19960610 1200 23.69 2
 19960615 1200 24.92 2
 19960620 1200 24.62 2
 19960625 1200 23.68 2
 19960630 1200 23.25 2
 19960705 1200 23.41 2
 19960710 1200 23.08 2
 19960715 1200 23.53 2
 19960720 1200 22.29 2
 19960725 1200 22.52 2
 19960730 1200 22.93 2
 19960804 1200 22.64 2
 19960809 1200 22.63 2
 19960814 1200 22.02 2
 19960819 1200 22.06 2
 19960824 1200 21.67 2
 19960829 1200 21.27 2
 19960903 1200 21.35 2
 19960908 1200 21.82 2
 19960913 1200 22.95 2
 19960918 1200 21.60 2
 19960923 1200 21.41 2
 19960928 1200 23.49 2
 19961003 1200 24.21 2
 19961008 1200 22.28 2
 19961013 1200 21.53 2
 19961018 1200 20.75 2
 19961023 1200 20.60 2
 19961028 1200 21.17 2
 19961102 1200 21.38 2
 19961107 1200 21.78 2
 19961112 1200 22.87 2
 19961117 1200 22.92 2
 19961122 1200 21.48 2
 19961127 1200 21.51 2
 19961202 1200 21.47 2
 19961207 1200 21.37 2
 19961212 1200 21.11 2
 19961217 1200 21.43 2
 19961222 1200 21.19 2
 19961227 1200 22.04 2
 19970101 1200 22.61 2
 19970106 1200 22.41 2
 19970111 1200 22.81 2
 19970116 1200 23.14 2
 19970121 1200 23.66 2
 19970126 1200 25.05 2
 19970131 1200 24.88 2
 19970205 1200 23.83 2
 19970210 1200 24.21 2
 19970215 1200 24.76 2
 19970220 1200 25.56 2
 19970225 1200 25.62 2
 19970302 1200 26.25 2
 19970307 1200 26.48 2
 19970312 1200 26.29 2
 19970317 1200 26.14 2
 19970322 1200 27.30 2
 19970327 1200 27.16 2
 19970401 1200 27.61 2
 19970406 1200 26.71 2
 19970411 1200 25.47 2
 19970416 1200 26.44 2
 19970421 1200 26.84 2
 19970426 1200 27.21 2
 19970501 1200 28.43 2
 19970506 1200 28.12 2
 19970511 1200 27.24 2
 19970516 1200 27.08 2
 19970521 1200 27.10 2
 19970526 1200 27.23 2
 19970531 1200 26.92 2
 19970605 1200 26.96 2
 19970610 1200 27.09 2
 19970615 1200 27.22 2
 19970620 1200 27.10 2
 19970625 1200 27.21 2
 19970630 1200 27.49 2
 19970705 1200 27.39 2
 19970710 1200 27.72 2
 19970715 1200 27.83 2
 19970720 1200 27.12 2
 19970725 1200 27.32 2
 19970730 1200 27.41 2
 19970804 1200 27.42 2
 19970809 1200 27.27 2
 19970814 1200 27.94 2
 19970819 1200 26.78 2
 19970824 1200 26.68 2
 19970829 1200 26.41 2
 19970903 1200 27.86 2
 19970908 1200 27.45 2
 19970913 1200 26.58 2
 19970918 1200 27.08 2
 19970923 1200 27.56 2
 19970928 1200 27.08 2
 19971003 1200 27.39 2
 19971008 1200 27.79 2
 19971013 1200 27.53 2
 19971018 1200 27.86 2
 19971023 1200 27.85 2
 19971028 1200 27.81 2
 19971102 1200 27.60 2
 19971107 1200 27.91 2
 19971112 1200 28.13 2
 19971117 1200 28.43 2
 19971122 1200 28.10 2
 19971127 1200 28.15 2
 19971202 1200 28.23 2
 19971207 1200 28.21 2
 19971212 1200 28.50 2
 19971217 1200 28.66 2
 19971222 1200 28.67 2
 19971227 1200 28.90 2
 19980101 1200 28.68 2
 19980106 1200 28.76 2
 19980111 1200 28.83 2
 19980116 1200 28.74 2
 19980121 1200 28.94 2
 19980126 1200 29.18 2
 19980131 1200 29.46 2
 19980205 1200 29.13 2
 19980210 1200 29.04 2
 19980215 1200 29.36 2
 19980220 1200 29.20 2
 19980225 1200 29.42 2
 19980302 1200 29.83 2
 19980307 1200 29.63 2
 19980312 1200 29.76 2
 19980317 1200 29.50 2
 19980322 1200 29.50 2
 19980327 1200 29.58 2
 19980401 1200 29.86 2
 19980406 1200 29.63 2
 19980411 1200 29.89 2
 19980416 1200 29.77 2
 19980421 1200 29.17 2
 19980426 1200 29.15 2
 19980501 1200 29.60 2
 Time: 1200 28 Oct 1998 to 1200 14 Aug 2003 (index  1362 to  1712,  351 times)
 Depth (M):        1 QUALITY
 YYYYMMDD HHMM   SST Q
 19981028 1200 21.29 1
 19981102 1200 21.07 1
 19981107 1200 20.67 1
 19981112 1200 20.24 1
 19981117 1200 20.05 1
 19981122 1200 20.23 1
 19981127 1200 20.40 1
 19981202 1200 18.43 1
 19981207 1200 18.94 1
 19981212 1200 20.56 1
 19981217 1200 20.65 1
 19981222 1200 21.16 1
 19981227 1200 20.87 1
 19990101 1200 21.17 1
 19990106 1200 21.48 1
 19990111 1200 20.35 1
 19990116 1200 20.12 1
 19990121 1200 21.33 1
 19990126 1200 22.01 1
 19990131 1200 23.03 1
 19990205 1200 24.96 1
 19990210 1200 23.60 1
 19990215 1200 24.30 1
 19990220 1200 26.78 1
 19990225 1200 27.96 1
 19990302 1200 27.06 1
 19990307 1200 26.20 1
 19990312 1200 25.65 1
 19990317 1200 25.98 1
 19990322 1200 25.56 1
 19990327 1200 24.62 1
 19990401 1200 24.64 1
 19990406 1200 24.77 1
 19990411 1200 24.24 1
 19990416 1200 24.80 1
 19990421 1200 25.57 1
 19990426 1200 26.63 1
 19990501 1200 26.05 1
 19990506 1200 25.02 1
 19990511 1200 25.68 1
 19990516 1200 24.97 1
 19990521 1200 23.81 1
 19990526 1200 23.91 1
 19990531 1200 23.86 1
 19990605 1200 23.52 1
 19990610 1200 23.57 1
 19990615 1200 23.35 1
 19990620 1200 24.13 1
 19990625 1200 23.43 1
 19990630 1200 23.87 1
 19990705 1200 22.28 1
 19990710 1200 22.54 1
 19990715 1200 24.13 1
 19990720 1200 23.11 1
 19990725 1200 21.85 1
 19990730 1200 22.00 1
 19990804 1200 22.04 1
 19990809 1200 24.00 1
 19990814 1200 22.51 1
 19990819 1200 21.74 1
 19990824 1200 21.32 1
 19990829 1200 20.11 1
 19990903 1200 20.66 1
 19990908 1200 20.75 1
 19990913 1200 19.71 1
 19990918 1200 20.27 1
 19990923 1200 20.39 1
 19990928 1200 22.13 1
 19991003 1200 19.90 1
 19991008 1200 20.24 1
 19991013 1200 20.86 1
 19991018 1200 21.44 1
 19991023 1200 20.60 1
 19991028 1200 21.26 1
 19991102 1200 20.86 1
 19991107 1200 21.19 1
 19991112 1200 22.00 1
 19991117 1200 20.37 1
 19991122 1200 19.86 1
 19991127 1200 19.50 1
 19991202 1200 20.17 1
 19991207 1200 20.38 1
 19991212 1200 20.55 1
 19991217 1200 21.25 1
 19991222 1200 20.87 1
 19991227 1200 20.69 1
 20000101 1200 20.79 1
 20000106 1200 21.37 1
 20000111 1200 21.64 1
 20000116 1200 22.57 1
 20000121 1200 22.31 1
 20000126 1200 23.08 1
 20000131 1200 24.84 1
 20000205 1200 25.50 1
 20000210 1200 24.62 1
 20000215 1200 23.82 1
 20000220 1200 23.36 1
 20000225 1200 24.07 1
 20000301 1200 24.10 1
 20000307 1200 25.50 1
 20000312 1200 25.56 1
 20000317 1200 25.79 1
 20000322 1200 26.40 1
 20000327 1200 26.87 1
 20000401 1200 27.85 1
 20000406 1200 26.53 1
 20000411 1200 26.58 1
 20000416 1200 26.55 1
 20000421 1200 26.43 1
 20000426 1200 26.02 1
 20000501 1200 26.15 1
 20000506 1200 25.78 1
 20000511 1200 25.39 1
 20000516 1200 24.95 1
 20000521 1200 24.46 1
 20000526 1200 24.37 1
 20000531 1200 24.40 1
 20000605 1200 24.06 1
 20000610 1200 23.83 1
 20000615 1200 23.87 1
 20000620 1200 23.50 1
 20000625 1200 23.90 1
 20000630 1200 25.30 1
 20000705 1200 26.35 1
 20000710 1200 23.92 1
 20000715 1200 23.35 1
 20000720 1200 23.37 1
 20000725 1200 24.99 1
 20000730 1200 22.84 1
 20000804 1200 22.53 1
 20000809 1200 21.62 1
 20000814 1200 21.10 1
 20000819 1200 21.24 1
 20000824 1200 23.23 1
 20000829 1200 22.13 1
 20000903 1200 21.75 1
 20000908 1200 22.03 1
 20000913 1200 23.00 1
 20000918 1200 23.31 1
 20000923 1200 21.87 1
 20000928 1200 22.17 1
 20001003 1200 21.75 1
 20001008 1200 23.17 1
 20001013 1200 21.40 1
 20001018 1200 21.56 1
 20001023 1200 22.54 1
 20001028 1200 22.36 1
 20001102 1200 22.00 1
 20001107 1200 21.84 1
 20001112 1200 22.04 1
 20001117 1200 21.06 1
 20001122 1200 21.17 1
 20001127 1200 21.62 1
 20001202 1200 21.55 1
 20001207 1200 20.76 1
 20001212 1200 21.41 1
 20001217 1200 21.76 1
 20001222 1200 22.21 1
 20001227 1200 22.39 1
 20010101 1200 22.57 1
 20010106 1200 22.41 1
 20010111 1200 22.73 1
 20010116 1200 22.95 1
 20010121 1200 23.35 1
 20010126 1200 23.71 1
 20010131 1200 23.90 1
 20010205 1200 24.61 1
 20010210 1200 24.87 1
 20010215 1200 24.85 1
 20010220 1200 25.70 1
 20010225 1200 25.90 1
 20010302 1200 26.77 1
 20010307 1200 27.42 1
 20010312 1200 26.47 1
 20010317 1200 26.42 1
 20010322 1200 27.25 1
 20010327 1200 27.78 1
 20010401 1200 27.61 1
 20010406 1200 26.18 1
 20010411 1200 26.86 1
 20010416 1200 27.24 1
 20010421 1200 26.08 1
 20010426 1200 25.78 1
 20010501 1200 25.54 1
 20010506 1200 25.65 1
 20010511 1200 25.18 1
 20010516 1200 25.06 1
 20010521 1200 25.10 1
 20010526 1200 25.15 1
 20010531 1200 25.06 1
 20010605 1200 24.41 1
 20010610 1200 24.02 1
 20010615 1200 24.43 1
 20010620 1200 24.24 1
 20010625 1200 23.89 1
 20010630 1200 23.99 1
 20010705 1200 23.65 1
 20010710 1200 22.38 1
 20010715 1200 22.83 1
 20010720 1200 24.26 1
 20010725 1200 24.60 1
 20010730 1200 22.71 1
 20010804 1200 21.95 1
 20010809 1200 21.82 1
 20010814 1200 21.92 1
 20010819 1200 20.68 1
 20010824 1200 21.40 1
 20010829 1200 21.11 1
 20010903 1200 20.37 1
 20010908 1200 20.55 1
 20010913 1200 21.39 1
 20010918 1200 22.55 1
 20010923 1200 20.93 1
 20010928 1200 20.50 1
 20011003 1200 20.89 1
 20011008 1200 21.44 1
 20011013 1200 23.14 1
 20011018 1200 23.06 1
 20011023 1200 21.66 1
 20011028 1200 22.23 1
 20011102 1200 22.42 1
 20011107 1200 23.09 1
 20011112 1200 21.90 1
 20011117 1200 21.78 1
 20011122 1200 22.43 1
 20011127 1200 22.19 1
 20011202 1200 23.36 1
 20011207 1200 22.30 1
 20011212 1200 22.17 1
 20011217 1200 22.73 1
 20011222 1200 24.42 1
 20011227 1200 22.40 1
 20020101 1200 22.69 1
 20020106 1200 23.60 1
 20020111 1200 24.35 1
 20020116 1200 24.60 1
 20020121 1200 25.39 1
 20020126 1200 25.31 1
 20020131 1200 25.43 1
 20020205 1200 25.75 1
 20020210 1200 26.19 1
 20020215 1200 25.84 1
 20020220 1200 25.96 1
 20020225 1200 26.82 1
 20020302 1200 27.33 1
 20020307 1200 26.91 1
 20020312 1200 27.10 1
 20020317 1200 26.76 1
 20020322 1200 26.71 1
 20020327 1200 27.00 1
 20020401 1200 27.04 1
 20020406 1200 27.00 1
 20020411 1200 27.16 1
 20020416 1200 26.21 1
 20020421 1200 24.77 1
 20020426 1200 25.10 1
 20020501 1200 25.24 1
 20020506 1200 25.79 1
 20020511 1200 25.29 1
 20020516 1200 25.07 1
 20020521 1200 25.13 1
 20020526 1200 25.53 1
 20020531 1200 26.44 1
 20020605 1200 26.47 1
 20020610 1200 27.07 1
 20020615 1200 26.93 1
 20020620 1200 25.47 1
 20020625 1200 24.93 1
 20020630 1200 24.64 1
 20020705 1200 24.64 1
 20020710 1200 25.25 1
 20020715 1200 23.15 1
 20020720 1200 23.72 1
 20020725 1200 23.36 1
 20020730 1200 23.32 1
 20020804 1200 21.99 1
 20020809 1200 22.53 1
 20020814 1200 22.99 1
 20020819 1200 23.44 1
 20020824 1200 23.45 1
 20020829 1200 23.12 1
 20020903 1200 23.36 1
 20020908 1200 23.46 1
 20020913 1200 24.53 1
 20020918 1200 23.77 1
 20020923 1200 22.98 1
 20020928 1200 23.61 1
 20021003 1200 23.82 1
 20021008 1200 23.86 1
 20021013 1200 24.00 1
 20021018 1200 24.08 1
 20021023 1200 24.24 1
 20021028 1200 25.35 1
 20021102 1200 26.12 1
 20021107 1200 25.68 1
 20021112 1200 24.93 1
 20021117 1200 24.80 1
 20021122 1200 25.14 1
 20021127 1200 25.46 1
 20021202 1200 25.56 1
 20021207 1200 25.16 1
 20021212 1200 25.04 1
 20021217 1200 25.61 1
 20021222 1200 25.55 1
 20021227 1200 24.59 1
 20030101 1200 24.74 1
 20030106 1200 23.93 1
 20030111 1200 24.14 1
 20030116 1200 25.69 1
 20030121 1200 24.87 1
 20030126 1200 24.36 1
 20030131 1200 24.57 1
 20030205 1200 24.88 1
 20030210 1200 25.01 1
 20030215 1200 25.80 1
 20030220 1200 25.95 1
 20030225 1200 24.88 1
 20030302 1200 24.85 1
 20030307 1200 25.37 1
 20030312 1200 25.75 1
 20030317 1200 26.45 1
 20030322 1200 26.69 1
 20030327 1200 27.21 1
 20030401 1200 25.60 1
 20030406 1200 25.49 1
 20030411 1200 25.65 1
 20030416 1200 25.54 1
 20030421 1200 24.86 1
 20030426 1200 24.34 1
 20030501 1200 22.67 1
 20030506 1200 23.77 1
 20030511 1200 24.10 1
 20030516 1200 23.74 1
 20030521 1200 23.64 1
 20030526 1200 24.12 1
 20030531 1200 24.56 1
 20030605 1200 22.01 1
 20030610 1200 23.05 1
 20030615 1200 23.57 1
 20030620 1200 23.36 1
 20030625 1200 23.14 1
 20030630 1200 24.85 1
 20030705 1200 24.58 1
 20030710 1200 23.68 1
 20030715 1200 23.55 1
 20030720 1200 23.67 1
 20030725 1200 23.77 1
 20030730 1200 23.81 1
 20030804 1200 23.94 1
 20030809 1200 24.41 1
 20030814 1200 24.52 1
 Time: 1200 12 Nov 2003 to 1200 17 Nov 2004 (index  1730 to  1804,   75 times)
 Depth (M):        1 QUALITY
 YYYYMMDD HHMM   SST Q
 20031112 1200 23.12 1
 20031117 1200 24.20 1
 20031122 1200 24.38 1
 20031127 1200 23.27 1
 20031202 1200 23.72 1
 20031207 1200 24.75 1
 20031212 1200 25.31 1
 20031217 1200 25.31 1
 20031222 1200 23.74 1
 20031227 1200 24.29 1
 20040101 1200 24.40 1
 20040106 1200 24.48 1
 20040111 1200 24.02 1
 20040116 1200 24.70 1
 20040121 1200 25.56 1
 20040126 1200 24.75 1
 20040131 1200 24.10 1
 20040205 1200 23.85 1
 20040210 1200 24.36 1
 20040215 1200 26.41 1
 20040220 1200 26.95 1
 20040225 1200 25.11 1
 20040301 1200 25.62 1
 20040307 1200 26.56 1
 20040312 1200 27.21 1
 20040317 1200 28.03 1
 20040322 1200 26.82 1
 20040327 1200 27.07 1
 20040401 1200 25.53 1
 20040406 1200 24.74 1
 20040411 1200 24.16 1
 20040416 1200 24.85 1
 20040421 1200 25.23 1
 20040426 1200 25.02 1
 20040501 1200 24.48 1
 20040506 1200 24.39 1
 20040511 1200 24.13 1
 20040516 1200 24.48 1
 20040521 1200 24.65 1
 20040526 1200 25.06 1
 20040531 1200 25.31 1
 20040605 1200 25.81 1
 20040610 1200 24.28 1
 20040615 1200 23.95 1
 20040620 1200 23.60 1
 20040625 1200 23.04 1
 20040630 1200 23.16 1
 20040705 1200 22.35 1
 20040710 1200 21.86 1
 20040715 1200 21.82 1
 20040720 1200 22.40 1
 20040725 1200 22.06 1
 20040730 1200 22.45 1
 20040804 1200 23.06 1
 20040809 1200 23.53 1
 20040814 1200 22.98 1
 20040819 1200 22.63 1
 20040824 1200 22.87 1
 20040829 1200 22.90 1
 20040903 1200 22.56 1
 20040908 1200 22.48 1
 20040913 1200 22.47 1
 20040918 1200 23.04 1
 20040923 1200 23.16 1
 20040928 1200 22.40 1
 20041003 1200 22.86 1
 20041008 1200 22.96 1
 20041013 1200 24.31 1
 20041018 1200 23.97 1
 20041023 1200 23.13 1
 20041028 1200 23.04 1
 20041102 1200 24.16 1
 20041107 1200 22.72 1
 20041112 1200 22.91 1
 20041117 1200 23.76 1
 Time: 1200  5 Feb 2005 to 1200  3 Oct 2005 (index  1820 to  1868,   49 times)
 Depth (M):        1 QUALITY
 YYYYMMDD HHMM   SST Q
 20050205 1200 25.21 2
 20050210 1200 25.69 2
 20050215 1200 24.90 2
 20050220 1200 24.69 2
 20050225 1200 23.99 2
 20050302 1200 23.68 2
 20050307 1200 26.37 2
 20050312 1200 26.28 2
 20050317 1200 25.88 2
 20050322 1200 25.42 2
 20050327 1200 25.47 2
 20050401 1200 26.12 2
 20050406 1200 -9.99 0
 20050411 1200 -9.99 0
 20050416 1200 27.53 1
 20050421 1200 27.41 1
 20050426 1200 27.08 1
 20050501 1200 27.52 1
 20050506 1200 27.19 1
 20050511 1200 26.62 1
 20050516 1200 25.88 1
 20050521 1200 25.24 1
 20050526 1200 24.66 1
 20050531 1200 23.67 1
 20050605 1200 23.77 1
 20050610 1200 23.55 1
 20050615 1200 23.78 1
 20050620 1200 24.89 1
 20050625 1200 24.91 1
 20050630 1200 24.97 1
 20050705 1200 24.31 1
 20050710 1200 24.28 1
 20050715 1200 23.86 1
 20050720 1200 23.44 1
 20050725 1200 23.58 1
 20050730 1200 22.65 1
 20050804 1200 22.37 1
 20050809 1200 22.57 1
 20050814 1200 23.45 1
 20050819 1200 21.20 1
 20050824 1200 23.01 1
 20050829 1200 22.78 1
 20050903 1200 21.37 1
 20050908 1200 21.41 1
 20050913 1200 21.51 1
 20050918 1200 21.61 1
 20050923 1200 23.42 1
 20050928 1200 21.36 1
 20051003 1200 22.18 1
 Time: 1200 17 Nov 2005 to 1200 25 Feb 2009 (index  1877 to  2116,  240 times)
 Depth (M):        1 QUALITY
 YYYYMMDD HHMM   SST Q
 20051117 1200 21.59 1
 20051122 1200 22.77 1
 20051127 1200 21.81 1
 20051202 1200 21.71 1
 20051207 1200 21.99 1
 20051212 1200 21.25 1
 20051217 1200 21.62 1
 20051222 1200 22.73 1
 20051227 1200 23.98 1
 20060101 1200 23.11 1
 20060106 1200 23.04 1
 20060111 1200 23.38 1
 20060116 1200 23.47 1
 20060121 1200 24.16 1
 20060126 1200 24.05 1
 20060131 1200 24.58 1
 20060205 1200 24.71 1
 20060210 1200 25.89 1
 20060215 1200 26.83 1
 20060220 1200 26.09 1
 20060225 1200 24.44 1
 20060302 1200 24.77 1
 20060307 1200 25.37 1
 20060312 1200 25.07 1
 20060317 1200 25.04 1
 20060322 1200 24.74 1
 20060327 1200 23.96 1
 20060401 1200 24.51 1
 20060406 1200 25.99 1
 20060411 1200 26.91 1
 20060416 1200 26.03 1
 20060421 1200 25.45 1
 20060426 1200 26.00 1
 20060501 1200 26.00 1
 20060506 1200 26.09 1
 20060511 1200 25.42 1
 20060516 1200 25.12 1
 20060521 1200 25.36 1
 20060526 1200 25.57 1
 20060531 1200 25.08 1
 20060605 1200 24.44 1
 20060610 1200 24.15 1
 20060615 1200 24.14 1
 20060620 1200 24.23 1
 20060625 1200 24.22 1
 20060630 1200 23.96 1
 20060705 1200 24.10 1
 20060710 1200 24.60 1
 20060715 1200 25.95 1
 20060720 1200 24.01 1
 20060725 1200 23.73 1
 20060730 1200 23.54 1
 20060804 1200 23.77 1
 20060809 1200 22.70 1
 20060814 1200 23.01 1
 20060819 1200 24.74 1
 20060824 1200 24.39 1
 20060829 1200 24.12 1
 20060903 1200 23.60 1
 20060908 1200 23.58 1
 20060913 1200 23.60 1
 20060918 1200 24.53 1
 20060923 1200 25.03 1
 20060928 1200 25.28 1
 20061003 1200 24.71 1
 20061008 1200 24.00 1
 20061013 1200 24.63 1
 20061018 1200 25.49 1
 20061023 1200 25.26 1
 20061028 1200 24.02 1
 20061102 1200 23.72 1
 20061107 1200 23.30 1
 20061112 1200 23.21 1
 20061117 1200 23.54 1
 20061122 1200 24.10 4
 20061127 1200 24.51 4
 20061202 1200 25.43 4
 20061207 1200 26.13 4
 20061212 1200 25.88 4
 20061217 1200 24.56 4
 20061222 1200 25.15 4
 20061227 1200 25.40 4
 20070101 1200 25.66 4
 20070106 1200 25.55 4
 20070111 1200 25.36 4
 20070116 1200 25.75 4
 20070121 1200 25.57 4
 20070126 1200 26.08 4
 20070131 1200 25.74 4
 20070205 1200 25.38 4
 20070210 1200 25.16 4
 20070215 1200 24.75 4
 20070220 1200 24.38 4
 20070225 1200 25.33 4
 20070302 1200 22.97 4
 20070307 1200 24.56 4
 20070312 1200 26.32 4
 20070317 1200 25.51 4
 20070322 1200 24.63 4
 20070327 1200 24.03 4
 20070401 1200 23.86 4
 20070406 1200 24.48 4
 20070411 1200 25.87 4
 20070416 1200 25.23 2
 20070421 1200 25.74 2
 20070426 1200 25.68 2
 20070501 1200 25.07 2
 20070506 1200 24.34 2
 20070511 1200 23.61 2
 20070516 1200 24.08 2
 20070521 1200 24.78 2
 20070526 1200 24.07 2
 20070531 1200 23.83 2
 20070605 1200 24.08 2
 20070610 1200 25.69 2
 20070615 1200 23.29 2
 20070620 1200 23.05 2
 20070625 1200 22.82 2
 20070630 1200 22.98 2
 20070705 1200 24.92 2
 20070710 1200 23.04 2
 20070715 1200 21.99 2
 20070720 1200 20.95 2
 20070725 1200 19.77 2
 20070730 1200 21.16 2
 20070804 1200 21.62 2
 20070809 1200 20.07 2
 20070814 1200 19.96 2
 20070819 1200 20.06 2
 20070824 1200 21.17 2
 20070829 1200 19.87 2
 20070903 1200 20.01 2
 20070908 1200 20.94 2
 20070913 1200 22.06 2
 20070918 1200 20.66 2
 20070923 1200 19.78 2
 20070928 1200 20.31 2
 20071003 1200 20.65 2
 20071008 1200 19.56 2
 20071013 1200 22.05 2
 20071018 1200 21.94 2
 20071023 1200 23.14 2
 20071028 1200 19.85 2
 20071102 1200 19.54 2
 20071107 1200 19.40 2
 20071112 1200 20.30 2
 20071117 1200 19.99 2
 20071122 1200 20.37 2
 20071127 1200 20.69 2
 20071202 1200 20.62 2
 20071207 1200 20.56 2
 20071212 1200 20.56 2
 20071217 1200 20.69 2
 20071222 1200 22.06 2
 20071227 1200 22.29 2
 20080101 1200 22.57 2
 20080106 1200 21.74 2
 20080111 1200 22.07 2
 20080116 1200 22.41 2
 20080121 1200 22.96 2
 20080126 1200 23.10 2
 20080131 1200 23.89 2
 20080205 1200 24.60 2
 20080210 1200 23.22 2
 20080215 1200 24.58 2
 20080220 1200 24.51 2
 20080225 1200 25.31 2
 20080301 1200 26.45 2
 20080307 1200 27.22 2
 20080312 1200 26.36 2
 20080317 1200 25.54 2
 20080322 1200 25.47 2
 20080327 1200 25.43 2
 20080401 1200 25.26 2
 20080406 1200 25.99 2
 20080411 1200 27.78 2
 20080416 1200 27.17 2
 20080421 1200 26.37 2
 20080426 1200 26.78 2
 20080501 1200 26.43 2
 20080506 1200 25.57 2
 20080511 1200 25.70 2
 20080516 1200 26.09 2
 20080521 1200 25.82 2
 20080526 1200 26.16 2
 20080531 1200 25.77 2
 20080605 1200 25.59 2
 20080610 1200 25.25 2
 20080615 1200 -9.99 0
 20080620 1200 -9.99 0
 20080625 1200 -9.99 0
 20080630 1200 -9.99 0
 20080705 1200 25.80 2
 20080710 1200 26.03 2
 20080715 1200 26.03 2
 20080720 1200 24.17 2
 20080725 1200 24.38 2
 20080730 1200 24.18 2
 20080804 1200 24.74 2
 20080809 1200 23.78 2
 20080814 1200 23.43 2
 20080819 1200 23.65 2
 20080824 1200 23.28 2
 20080829 1200 24.46 2
 20080903 1200 24.35 2
 20080908 1200 23.30 2
 20080913 1200 22.78 2
 20080918 1200 22.51 2
 20080923 1200 25.24 2
 20080928 1200 23.29 2
 20081003 1200 22.33 2
 20081008 1200 23.42 2
 20081013 1200 22.60 2
 20081018 1200 22.66 2
 20081023 1200 22.85 2
 20081028 1200 22.22 2
 20081102 1200 21.70 2
 20081107 1200 22.26 2
 20081112 1200 22.51 2
 20081117 1200 24.43 2
 20081122 1200 22.64 2
 20081127 1200 22.63 2
 20081202 1200 22.54 2
 20081207 1200 23.60 2
 20081212 1200 22.28 2
 20081217 1200 21.73 2
 20081222 1200 22.26 2
 20081227 1200 22.50 2
 20090101 1200 21.48 2
 20090106 1200 22.68 2
 20090111 1200 23.50 2
 20090116 1200 24.01 2
 20090121 1200 25.02 2
 20090126 1200 26.46 2
 20090131 1200 24.05 2
 20090205 1200 23.94 2
 20090210 1200 24.17 2
 20090215 1200 24.67 2
 20090220 1200 24.61 2
 20090225 1200 24.48 2
 Time: 1200 18 Sep 2009 to 1200 28 Oct 2010 (index  2157 to  2238,   82 times)
 Depth (M):        1 QUALITY
 YYYYMMDD HHMM   SST Q
 20090918 1200 25.51 1
 20090923 1200 25.26 1
 20090928 1200 23.28 1
 20091003 1200 23.24 1
 20091008 1200 23.67 1
 20091013 1200 24.57 1
 20091018 1200 22.81 1
 20091023 1200 22.98 1
 20091028 1200 24.48 1
 20091102 1200 23.83 1
 20091107 1200 23.37 1
 20091112 1200 24.26 1
 20091117 1200 24.53 1
 20091122 1200 24.76 1
 20091127 1200 24.99 1
 20091202 1200 25.36 1
 20091207 1200 25.32 1
 20091212 1200 25.10 1
 20091217 1200 25.53 1
 20091222 1200 26.08 1
 20091227 1200 26.21 1
 20100101 1200 26.08 1
 20100106 1200 25.50 1
 20100111 1200 26.03 1
 20100116 1200 25.56 1
 20100121 1200 25.51 1
 20100126 1200 25.66 1
 20100131 1200 25.68 1
 20100205 1200 25.54 1
 20100210 1200 25.87 1
 20100215 1200 26.03 1
 20100220 1200 26.45 1
 20100225 1200 26.43 1
 20100302 1200 27.18 1
 20100307 1200 26.87 1
 20100312 1200 26.62 1
 20100317 1200 28.06 2
 20100322 1200 27.74 2
 20100327 1200 27.67 2
 20100401 1200 28.39 2
 20100406 1200 27.88 2
 20100411 1200 28.09 2
 20100416 1200 27.39 2
 20100421 1200 26.63 2
 20100426 1200 26.56 2
 20100501 1200 26.22 2
 20100506 1200 27.23 2
 20100511 1200 25.29 2
 20100516 1200 24.84 2
 20100521 1200 24.57 2
 20100526 1200 24.26 2
 20100531 1200 23.72 2
 20100605 1200 23.60 2
 20100610 1200 23.55 2
 20100615 1200 23.23 2
 20100620 1200 22.62 2
 20100625 1200 22.30 2
 20100630 1200 23.29 2
 20100705 1200 22.52 2
 20100710 1200 21.57 2
 20100715 1200 21.73 2
 20100720 1200 21.13 2
 20100725 1200 20.72 2
 20100730 1200 22.84 2
 20100804 1200 21.16 2
 20100809 1200 21.10 2
 20100814 1200 22.25 2
 20100819 1200 20.73 2
 20100824 1200 20.22 2
 20100829 1200 19.53 2
 20100903 1200 19.22 2
 20100908 1200 19.75 2
 20100913 1200 19.81 2
 20100918 1200 20.09 2
 20100923 1200 23.15 2
 20100928 1200 23.01 2
 20101003 1200 20.63 2
 20101008 1200 19.92 2
 20101013 1200 18.89 2
 20101018 1200 19.51 2
 20101023 1200 19.83 2
 20101028 1200 19.77 2
 Time: 1200  4 Aug 2011 to 1200  1 May 2012 (index  2294 to  2348,   55 times)
 Depth (M):        1 QUALITY
 YYYYMMDD HHMM   SST Q
 20110804 1200 21.87 2
 20110809 1200 22.07 2
 20110814 1200 22.88 2
 20110819 1200 21.63 2
 20110824 1200 21.57 2
 20110829 1200 21.46 2
 20110903 1200 20.99 2
 20110908 1200 20.55 2
 20110913 1200 21.10 2
 20110918 1200 21.65 2
 20110923 1200 21.07 2
 20110928 1200 22.34 2
 20111003 1200 22.09 2
 20111008 1200 21.07 2
 20111013 1200 20.78 2
 20111018 1200 20.98 2
 20111023 1200 20.53 2
 20111028 1200 20.53 2
 20111102 1200 19.57 2
 20111107 1200 19.92 2
 20111112 1200 20.64 2
 20111117 1200 20.25 2
 20111122 1200 20.47 2
 20111127 1200 20.27 2
 20111202 1200 20.77 2
 20111207 1200 21.45 2
 20111212 1200 22.29 2
 20111217 1200 22.68 2
 20111222 1200 22.18 2
 20111227 1200 21.77 2
 20120101 1200 22.61 2
 20120106 1200 23.33 2
 20120111 1200 23.62 2
 20120116 1200 23.03 2
 20120121 1200 23.80 2
 20120126 1200 24.05 2
 20120131 1200 23.93 2
 20120205 1200 24.29 2
 20120210 1200 26.59 2
 20120215 1200 26.86 2
 20120220 1200 27.22 2
 20120225 1200 27.62 2
 20120301 1200 27.96 2
 20120307 1200 27.11 2
 20120312 1200 26.32 2
 20120317 1200 26.78 2
 20120322 1200 27.36 2
 20120327 1200 27.41 2
 20120401 1200 26.49 2
 20120406 1200 27.53 2
 20120411 1200 27.98 2
 20120416 1200 26.70 2
 20120421 1200 26.21 2
 20120426 1200 25.84 2
 20120501 1200 25.34 2
 Time: 1200  1 Apr 2013 to 1200 11 Apr 2014 (index  2415 to  2490,   76 times)
 Depth (M):        1 QUALITY
 YYYYMMDD HHMM   SST Q
 20130401 1200 26.67 2
 20130406 1200 26.31 2
 20130411 1200 26.34 2
 20130416 1200 26.09 2
 20130421 1200 25.66 2
 20130426 1200 25.09 2
 20130501 1200 24.16 2
 20130506 1200 23.97 2
 20130511 1200 23.45 2
 20130516 1200 23.51 2
 20130521 1200 23.38 2
 20130526 1200 23.12 2
 20130531 1200 23.26 2
 20130605 1200 23.28 2
 20130610 1200 23.64 2
 20130615 1200 23.31 2
 20130620 1200 23.60 2
 20130625 1200 23.94 2
 20130630 1200 25.07 2
 20130705 1200 22.72 2
 20130710 1200 22.65 2
 20130715 1200 22.27 2
 20130720 1200 22.38 2
 20130725 1200 22.50 2
 20130730 1200 22.93 2
 20130804 1200 22.09 2
 20130809 1200 21.91 2
 20130814 1200 22.00 2
 20130819 1200 22.51 2
 20130824 1200 21.74 2
 20130829 1200 20.81 2
 20130903 1200 20.93 2
 20130908 1200 21.56 2
 20130913 1200 22.12 2
 20130918 1200 22.35 2
 20130923 1200 23.25 2
 20130928 1200 22.62 2
 20131003 1200 23.11 2
 20131008 1200 23.11 2
 20131013 1200 22.48 2
 20131018 1200 22.37 2
 20131023 1200 23.32 2
 20131028 1200 23.23 2
 20131102 1200 22.61 2
 20131107 1200 22.11 2
 20131112 1200 22.52 2
 20131117 1200 22.68 2
 20131122 1200 21.90 2
 20131127 1200 22.24 2
 20131202 1200 22.80 2
 20131207 1200 22.91 2
 20131212 1200 23.80 2
 20131217 1200 24.39 2
 20131222 1200 22.96 2
 20131227 1200 23.24 2
 20140101 1200 23.54 2
 20140106 1200 23.81 2
 20140111 1200 23.49 2
 20140116 1200 23.45 2
 20140121 1200 23.99 2
 20140126 1200 24.04 2
 20140131 1200 23.42 2
 20140205 1200 24.15 2
 20140210 1200 24.47 2
 20140215 1200 23.21 2
 20140220 1200 24.20 2
 20140225 1200 23.96 2
 20140302 1200 23.69 2
 20140307 1200 26.07 2
 20140312 1200 27.91 2
 20140317 1200 27.93 2
 20140322 1200 28.28 2
 20140327 1200 27.61 2
 20140401 1200 26.98 2
 20140406 1200 26.60 2
 20140411 1200 26.78 2
 Time: 1200 25 Jun 2014 to 1200 10 Feb 2015 (index  2505 to  2551,   47 times)
 Depth (M):        1 QUALITY
 YYYYMMDD HHMM   SST Q
 20140625 1200 25.58 2
 20140630 1200 26.11 2
 20140705 1200 25.13 2
 20140710 1200 25.04 2
 20140715 1200 26.74 2
 20140720 1200 24.08 2
 20140725 1200 22.71 2
 20140730 1200 21.51 2
 20140804 1200 23.07 2
 20140809 1200 23.35 2
 20140814 1200 22.28 2
 20140819 1200 22.59 2
 20140824 1200 22.32 2
 20140829 1200 24.66 2
 20140903 1200 25.01 2
 20140908 1200 22.92 2
 20140913 1200 23.05 2
 20140918 1200 23.20 2
 20140923 1200 24.62 2
 20140928 1200 24.45 2
 20141003 1200 23.07 2
 20141008 1200 23.39 2
 20141013 1200 23.40 2
 20141018 1200 24.48 2
 20141023 1200 23.82 2
 20141028 1200 23.69 2
 20141102 1200 24.91 2
 20141107 1200 25.77 2
 20141112 1200 24.67 2
 20141117 1200 24.70 2
 20141122 1200 24.12 2
 20141127 1200 23.88 2
 20141202 1200 23.94 2
 20141207 1200 24.11 2
 20141212 1200 25.65 2
 20141217 1200 25.77 2
 20141222 1200 25.12 2
 20141227 1200 24.68 2
 20150101 1200 24.74 2
 20150106 1200 25.10 2
 20150111 1200 24.19 2
 20150116 1200 24.70 2
 20150121 1200 24.95 2
 20150126 1200 24.30 2
 20150131 1200 23.43 2
 20150205 1200 24.85 2
 20150210 1200 26.31 2
 Time: 1200  1 May 2015 to 1200 23 Sep 2015 (index  2567 to  2596,   30 times)
 Depth (M):        1 QUALITY
 YYYYMMDD HHMM   SST Q
 20150501 1200 27.63 2
 20150506 1200 28.07 2
 20150511 1200 27.78 2
 20150516 1200 27.28 2
 20150521 1200 27.14 2
 20150526 1200 27.16 2
 20150531 1200 27.21 2
 20150605 1200 27.19 2
 20150610 1200 27.27 2
 20150615 1200 27.49 2
 20150620 1200 27.42 2
 20150625 1200 27.38 2
 20150630 1200 27.54 2
 20150705 1200 26.83 2
 20150710 1200 26.48 2
 20150715 1200 26.89 2
 20150720 1200 26.49 2
 20150725 1200 25.70 2
 20150730 1200 25.62 2
 20150804 1200 25.63 2
 20150809 1200 25.72 2
 20150814 1200 26.29 2
 20150819 1200 25.53 2
 20150824 1200 25.01 2
 20150829 1200 25.72 2
 20150903 1200 26.97 2
 20150908 1200 26.93 2
 20150913 1200 26.76 2
 20150918 1200 27.01 2
 20150923 1200 26.80 2
 Time: 1200 16 Apr 2016 to 1200 22 Mar 2017 (index  2637 to  2705,   69 times)
 Depth (M):        1 QUALITY
 YYYYMMDD HHMM   SST Q
 20160416 1200 25.68 2
 20160421 1200 24.88 2
 20160426 1200 25.12 2
 20160501 1200 25.23 2
 20160506 1200 25.01 2
 20160511 1200 25.44 2
 20160516 1200 23.89 2
 20160521 1200 24.78 2
 20160526 1200 25.47 2
 20160531 1200 25.65 2
 20160605 1200 24.18 2
 20160610 1200 25.81 2
 20160615 1200 23.82 2
 20160620 1200 23.69 2
 20160625 1200 23.60 2
 20160630 1200 24.50 2
 20160705 1200 22.79 2
 20160710 1200 22.38 2
 20160715 1200 22.61 2
 20160720 1200 22.25 2
 20160725 1200 21.62 2
 20160730 1200 21.52 2
 20160804 1200 21.50 2
 20160809 1200 21.07 2
 20160814 1200 21.20 2
 20160819 1200 20.51 2
 20160824 1200 20.64 2
 20160829 1200 21.47 2
 20160903 1200 21.93 2
 20160908 1200 24.10 2
 20160913 1200 24.57 2
 20160918 1200 23.10 2
 20160923 1200 22.67 2
 20160928 1200 22.26 2
 20161003 1200 21.57 2
 20161008 1200 22.75 2
 20161013 1200 22.25 2
 20161018 1200 22.20 2
 20161023 1200 21.92 2
 20161028 1200 21.65 2
 20161102 1200 21.46 2
 20161107 1200 21.64 2
 20161112 1200 22.29 2
 20161117 1200 22.18 2
 20161122 1200 21.51 2
 20161127 1200 21.12 2
 20161202 1200 21.63 2
 20161207 1200 21.74 2
 20161212 1200 22.10 2
 20161217 1200 22.73 2
 20161222 1200 23.22 2
 20161227 1200 24.83 2
 20170101 1200 23.61 2
 20170106 1200 23.55 2
 20170111 1200 24.38 2
 20170116 1200 25.40 2
 20170121 1200 24.60 2
 20170126 1200 23.79 2
 20170131 1200 25.45 2
 20170205 1200 26.72 2
 20170210 1200 26.70 2
 20170215 1200 26.61 2
 20170220 1200 -9.99 0
 20170225 1200 -9.99 0
 20170302 1200 -9.99 0
 20170307 1200 26.19 2
 20170312 1200 27.17 2
 20170317 1200 27.49 2
 20170322 1200 27.16 2
 Time: 1200 26 Apr 2017 to 1200  6 May 2017 (index  2712 to  2714,    3 times)
 Depth (M):        1 QUALITY
 YYYYMMDD HHMM   SST Q
 20170426 1200 26.77 2
 20170501 1200 25.83 2
 20170506 1200 25.66 2
 Time: 1200 15 Jun 2017 to 1200 10 Jun 2018 (index  2722 to  2794,   73 times)
 Depth (M):        1 QUALITY
 YYYYMMDD HHMM   SST Q
 20170615 1200 24.31 2
 20170620 1200 24.84 2
 20170625 1200 24.21 2
 20170630 1200 23.77 2
 20170705 1200 24.34 2
 20170710 1200 24.69 2
 20170715 1200 22.95 2
 20170720 1200 23.36 2
 20170725 1200 23.56 2
 20170730 1200 24.56 2
 20170804 1200 22.27 2
 20170809 1200 22.81 2
 20170814 1200 22.52 2
 20170819 1200 21.87 2
 20170824 1200 21.55 2
 20170829 1200 22.14 2
 20170903 1200 20.76 2
 20170908 1200 20.59 2
 20170913 1200 20.81 2
 20170918 1200 20.60 2
 20170923 1200 20.84 2
 20170928 1200 21.90 2
 20171003 1200 21.87 2
 20171008 1200 21.90 2
 20171013 1200 20.08 2
 20171018 1200 19.96 2
 20171023 1200 20.98 2
 20171028 1200 21.58 2
 20171102 1200 22.06 2
 20171107 1200 21.57 2
 20171112 1200 21.21 2
 20171117 1200 20.67 2
 20171122 1200 20.17 2
 20171127 1200 20.33 2
 20171202 1200 20.14 2
 20171207 1200 20.40 2
 20171212 1200 20.51 2
 20171217 1200 20.59 2
 20171222 1200 21.47 2
 20171227 1200 21.53 2
 20180101 1200 21.46 2
 20180106 1200 21.39 2
 20180111 1200 24.04 2
 20180116 1200 24.31 2
 20180121 1200 23.78 2
 20180126 1200 24.24 2
 20180131 1200 23.81 2
 20180205 1200 22.92 2
 20180210 1200 23.46 2
 20180215 1200 24.26 2
 20180220 1200 24.57 2
 20180225 1200 25.93 2
 20180302 1200 26.17 2
 20180307 1200 25.18 2
 20180312 1200 25.19 2
 20180317 1200 24.74 2
 20180322 1200 24.95 2
 20180327 1200 25.80 2
 20180401 1200 26.46 2
 20180406 1200 27.67 2
 20180411 1200 26.64 2
 20180416 1200 26.76 2
 20180421 1200 25.53 2
 20180426 1200 25.54 2
 20180501 1200 25.58 2
 20180506 1200 25.40 2
 20180511 1200 25.53 2
 20180516 1200 25.57 2
 20180521 1200 25.88 2
 20180526 1200 26.78 2
 20180531 1200 26.33 2
 20180605 1200 26.33 2
 20180610 1200 25.79 2
