 Location:  0N 180W  27 Mar 1993 to 10 Jun 2018 ( 1841 times,  8 blocks) Gen. Date Jun 13 2018
 Units: Sea Surface Temperature (C), -9.99 = missing
 Time: 1200 27 Mar 1993 to 1200  1 Apr 1997 (index     1 to   294,  294 times)
 Depth (M):        1 QUALITY
 YYYYMMDD HHMM   SST Q
 19930327 1200 28.68 1
 19930401 1200 28.43 1
 19930406 1200 28.51 1
 19930411 1200 28.84 1
 19930416 1200 29.41 1
 19930421 1200 29.10 1
 19930426 1200 28.99 1
 19930501 1200 29.20 1
 19930506 1200 29.24 1
 19930511 1200 29.54 1
 19930516 1200 29.72 1
 19930521 1200 29.63 1
 19930526 1200 29.54 1
 19930531 1200 29.59 1
 19930605 1200 29.47 1
 19930610 1200 29.50 1
 19930615 1200 29.46 1
 19930620 1200 29.69 1
 19930625 1200 29.74 1
 19930630 1200 29.88 1
 19930705 1200 29.86 1
 19930710 1200 30.16 1
 19930715 1200 29.99 1
 19930720 1200 29.83 1
 19930725 1200 30.03 1
 19930730 1200 29.95 1
 19930804 1200 29.95 1
 19930809 1200 30.25 1
 19930814 1200 30.23 1
 19930819 1200 30.23 1
 19930824 1200 30.43 1
 19930829 1200 30.20 1
 19930903 1200 30.27 1
 19930908 1200 30.33 1
 19930913 1200 30.19 1
 19930918 1200 30.05 1
 19930923 1200 29.93 1
 19930928 1200 29.99 1
 19931003 1200 29.76 1
 19931008 1200 29.88 1
 19931013 1200 29.95 1
 19931018 1200 29.80 1
 19931023 1200 29.84 1
 19931028 1200 29.88 1
 19931102 1200 29.82 1
 19931107 1200 29.92 1
 19931112 1200 29.77 1
 19931117 1200 29.57 1
 19931122 1200 29.63 1
 19931127 1200 29.26 1
 19931202 1200 28.93 1
 19931207 1200 29.10 1
 19931212 1200 29.17 1
 19931217 1200 29.27 1
 19931222 1200 29.23 1
 19931227 1200 28.82 1
 19940101 1200 28.64 1
 19940106 1200 28.77 1
 19940111 1200 28.77 1
 19940116 1200 28.57 1
 19940121 1200 28.53 1
 19940126 1200 27.64 1
 19940131 1200 27.40 1
 19940205 1200 27.38 1
 19940210 1200 28.30 1
 19940215 1200 27.86 1
 19940220 1200 27.44 1
 19940225 1200 27.36 1
 19940302 1200 27.49 1
 19940307 1200 27.50 1
 19940312 1200 27.53 1
 19940317 1200 27.99 1
 19940322 1200 27.69 1
 19940327 1200 27.46 1
 19940401 1200 27.66 1
 19940406 1200 28.32 1
 19940411 1200 28.36 1
 19940416 1200 28.18 1
 19940421 1200 28.34 1
 19940426 1200 28.43 1
 19940501 1200 28.07 1
 19940506 1200 28.31 1
 19940511 1200 28.45 1
 19940516 1200 28.58 1
 19940521 1200 28.82 1
 19940526 1200 28.81 1
 19940531 1200 29.01 1
 19940605 1200 28.88 1
 19940610 1200 28.60 4
 19940615 1200 28.88 4
 19940620 1200 28.96 4
 19940625 1200 29.19 4
 19940630 1200 29.25 4
 19940705 1200 29.11 4
 19940710 1200 29.21 4
 19940715 1200 29.36 4
 19940720 1200 29.78 4
 19940725 1200 29.90 4
 19940730 1200 30.02 4
 19940804 1200 30.09 4
 19940809 1200 30.28 4
 19940814 1200 30.44 4
 19940819 1200 30.55 4
 19940824 1200 30.40 4
 19940829 1200 30.34 4
 19940903 1200 30.30 4
 19940908 1200 30.22 4
 19940913 1200 30.21 4
 19940918 1200 30.25 4
 19940923 1200 30.35 4
 19940928 1200 30.05 4
 19941003 1200 30.25 4
 19941008 1200 30.61 4
 19941013 1200 30.46 4
 19941018 1200 30.35 4
 19941023 1200 30.25 4
 19941028 1200 30.10 4
 19941102 1200 30.22 4
 19941107 1200 30.05 4
 19941112 1200 29.90 4
 19941117 1200 29.98 1
 19941122 1200 30.14 1
 19941127 1200 30.01 1
 19941202 1200 30.34 1
 19941207 1200 30.22 1
 19941212 1200 30.26 1
 19941217 1200 29.91 1
 19941222 1200 29.45 1
 19941227 1200 29.17 1
 19950101 1200 29.10 1
 19950106 1200 29.09 1
 19950111 1200 29.31 1
 19950116 1200 29.38 1
 19950121 1200 29.34 1
 19950126 1200 29.47 1
 19950131 1200 29.68 1
 19950205 1200 29.69 1
 19950210 1200 29.75 1
 19950215 1200 29.37 1
 19950220 1200 29.13 1
 19950225 1200 29.01 1
 19950302 1200 29.07 1
 19950307 1200 28.89 1
 19950312 1200 28.77 1
 19950317 1200 28.78 1
 19950322 1200 29.20 1
 19950327 1200 28.90 1
 19950401 1200 28.37 1
 19950406 1200 28.55 1
 19950411 1200 28.44 1
 19950416 1200 28.36 1
 19950421 1200 28.51 1
 19950426 1200 28.97 1
 19950501 1200 28.78 1
 19950506 1200 28.44 1
 19950511 1200 28.51 1
 19950516 1200 29.40 1
 19950521 1200 29.29 1
 19950526 1200 29.11 1
 19950531 1200 28.81 1
 19950605 1200 28.85 1
 19950610 1200 28.79 1
 19950615 1200 28.87 1
 19950620 1200 28.87 1
 19950625 1200 28.66 1
 19950630 1200 28.84 1
 19950705 1200 28.79 1
 19950710 1200 28.65 1
 19950715 1200 28.65 1
 19950720 1200 28.73 1
 19950725 1200 28.72 1
 19950730 1200 28.50 1
 19950804 1200 28.25 1
 19950809 1200 28.54 1
 19950814 1200 28.18 1
 19950819 1200 28.08 1
 19950824 1200 28.26 1
 19950829 1200 28.36 1
 19950903 1200 28.15 1
 19950908 1200 27.65 1
 19950913 1200 27.40 1
 19950918 1200 27.53 1
 19950923 1200 28.08 1
 19950928 1200 28.25 1
 19951003 1200 27.72 1
 19951008 1200 28.04 1
 19951013 1200 28.31 1
 19951018 1200 28.04 1
 19951023 1200 27.84 1
 19951028 1200 27.61 1
 19951102 1200 27.78 1
 19951107 1200 27.99 1
 19951112 1200 27.57 1
 19951117 1200 27.30 1
 19951122 1200 27.33 1
 19951127 1200 27.74 1
 19951202 1200 28.07 1
 19951207 1200 27.96 1
 19951212 1200 28.13 1
 19951217 1200 28.27 1
 19951222 1200 28.17 1
 19951227 1200 27.97 1
 19960101 1200 28.04 1
 19960106 1200 27.85 1
 19960111 1200 27.57 1
 19960116 1200 27.50 1
 19960121 1200 27.61 1
 19960126 1200 27.31 1
 19960131 1200 27.06 1
 19960205 1200 27.04 1
 19960210 1200 27.14 1
 19960215 1200 27.23 1
 19960220 1200 26.80 1
 19960225 1200 26.34 1
 19960301 1200 26.56 1
 19960307 1200 26.55 1
 19960312 1200 26.59 1
 19960317 1200 27.14 1
 19960322 1200 26.74 1
 19960327 1200 26.91 1
 19960401 1200 27.06 1
 19960406 1200 27.11 1
 19960411 1200 27.54 1
 19960416 1200 27.45 1
 19960421 1200 27.50 1
 19960426 1200 27.54 1
 19960501 1200 28.00 1
 19960506 1200 28.04 1
 19960511 1200 27.84 1
 19960516 1200 28.03 1
 19960521 1200 28.38 1
 19960526 1200 28.47 1
 19960531 1200 28.53 1
 19960605 1200 28.28 1
 19960610 1200 27.97 1
 19960615 1200 27.77 1
 19960620 1200 27.93 1
 19960625 1200 28.56 1
 19960630 1200 28.76 1
 19960705 1200 28.57 1
 19960710 1200 28.17 1
 19960715 1200 28.07 1
 19960720 1200 27.98 1
 19960725 1200 28.31 1
 19960730 1200 28.30 1
 19960804 1200 28.13 1
 19960809 1200 28.23 1
 19960814 1200 28.25 1
 19960819 1200 28.09 1
 19960824 1200 28.05 1
 19960829 1200 28.00 1
 19960903 1200 28.55 1
 19960908 1200 28.24 1
 19960913 1200 28.19 1
 19960918 1200 28.73 1
 19960923 1200 28.30 1
 19960928 1200 28.19 1
 19961003 1200 28.14 1
 19961008 1200 28.18 1
 19961013 1200 28.14 1
 19961018 1200 28.27 1
 19961023 1200 28.06 1
 19961028 1200 27.89 1
 19961102 1200 28.12 1
 19961107 1200 28.19 1
 19961112 1200 28.61 4
 19961117 1200 28.95 4
 19961122 1200 28.67 4
 19961127 1200 28.64 4
 19961202 1200 28.59 4
 19961207 1200 28.69 4
 19961212 1200 28.75 4
 19961217 1200 28.19 4
 19961222 1200 28.23 4
 19961227 1200 28.52 4
 19970101 1200 28.39 4
 19970106 1200 28.46 4
 19970111 1200 28.75 4
 19970116 1200 28.70 4
 19970121 1200 28.68 4
 19970126 1200 28.51 4
 19970131 1200 28.38 4
 19970205 1200 28.23 4
 19970210 1200 28.38 4
 19970215 1200 28.24 4
 19970220 1200 27.87 4
 19970225 1200 27.90 4
 19970302 1200 27.96 4
 19970307 1200 27.84 4
 19970312 1200 28.32 4
 19970317 1200 28.06 4
 19970322 1200 28.61 4
 19970327 1200 29.12 4
 19970401 1200 29.92 4
 Time: 1200 25 Jun 1997 to 1200  8 Oct 2004 (index   311 to   843,  533 times)
 Depth (M):        1 QUALITY
 YYYYMMDD HHMM   SST Q
 19970625 1200 29.34 4
 19970630 1200 29.38 4
 19970705 1200 29.33 4
 19970710 1200 29.51 4
 19970715 1200 29.59 4
 19970720 1200 29.63 4
 19970725 1200 29.74 4
 19970730 1200 29.79 4
 19970804 1200 29.88 4
 19970809 1200 29.53 4
 19970814 1200 29.17 4
 19970819 1200 29.11 4
 19970824 1200 29.23 4
 19970829 1200 28.91 4
 19970903 1200 28.93 4
 19970908 1200 28.91 4
 19970913 1200 29.39 4
 19970918 1200 29.74 4
 19970923 1200 29.57 4
 19970928 1200 29.73 4
 19971003 1200 28.72 4
 19971008 1200 28.79 4
 19971013 1200 28.91 4
 19971018 1200 29.17 4
 19971023 1200 28.84 4
 19971028 1200 28.79 4
 19971102 1200 28.98 4
 19971107 1200 29.11 4
 19971112 1200 29.60 4
 19971117 1200 29.66 4
 19971122 1200 -9.99 0
 19971127 1200 -9.99 0
 19971202 1200 29.04 2
 19971207 1200 29.13 2
 19971212 1200 29.22 2
 19971217 1200 29.25 2
 19971222 1200 29.24 2
 19971227 1200 29.16 2
 19980101 1200 29.22 2
 19980106 1200 29.23 2
 19980111 1200 29.13 2
 19980116 1200 29.11 2
 19980121 1200 28.43 2
 19980126 1200 28.69 2
 19980131 1200 28.84 2
 19980205 1200 29.01 2
 19980210 1200 29.01 2
 19980215 1200 28.89 2
 19980220 1200 29.08 2
 19980225 1200 28.81 2
 19980302 1200 29.24 2
 19980307 1200 28.93 2
 19980312 1200 29.22 2
 19980317 1200 28.95 2
 19980322 1200 29.13 2
 19980327 1200 28.51 2
 19980401 1200 29.15 2
 19980406 1200 28.59 2
 19980411 1200 28.60 2
 19980416 1200 28.90 2
 19980421 1200 27.91 2
 19980426 1200 28.20 2
 19980501 1200 28.63 2
 19980506 1200 28.05 2
 19980511 1200 27.98 2
 19980516 1200 28.03 2
 19980521 1200 28.13 2
 19980526 1200 28.70 2
 19980531 1200 29.20 2
 19980605 1200 28.53 2
 19980610 1200 28.25 2
 19980615 1200 28.20 2
 19980620 1200 28.39 2
 19980625 1200 28.55 2
 19980630 1200 27.89 2
 19980705 1200 27.45 2
 19980710 1200 27.59 2
 19980715 1200 27.54 2
 19980720 1200 27.55 2
 19980725 1200 27.37 2
 19980730 1200 27.32 2
 19980804 1200 27.45 2
 19980809 1200 27.52 2
 19980814 1200 28.18 2
 19980819 1200 28.04 2
 19980824 1200 28.17 2
 19980829 1200 27.67 2
 19980903 1200 27.33 2
 19980908 1200 27.65 2
 19980913 1200 28.11 2
 19980918 1200 27.59 2
 19980923 1200 27.00 2
 19980928 1200 26.45 2
 19981003 1200 26.53 2
 19981008 1200 26.25 2
 19981013 1200 26.24 2
 19981018 1200 27.09 2
 19981023 1200 26.42 2
 19981028 1200 26.63 2
 19981102 1200 27.58 2
 19981107 1200 27.01 2
 19981112 1200 26.43 2
 19981117 1200 26.17 2
 19981122 1200 25.85 2
 19981127 1200 26.00 2
 19981202 1200 26.33 2
 19981207 1200 28.06 2
 19981212 1200 27.19 2
 19981217 1200 26.89 2
 19981222 1200 26.80 2
 19981227 1200 27.02 2
 19990101 1200 26.36 2
 19990106 1200 25.58 2
 19990111 1200 25.72 2
 19990116 1200 26.21 2
 19990121 1200 25.53 2
 19990126 1200 25.83 2
 19990131 1200 25.55 2
 19990205 1200 26.05 2
 19990210 1200 25.58 2
 19990215 1200 25.42 2
 19990220 1200 25.32 2
 19990225 1200 25.57 2
 19990302 1200 25.89 2
 19990307 1200 25.52 2
 19990312 1200 25.58 2
 19990317 1200 25.52 2
 19990322 1200 25.54 2
 19990327 1200 25.93 2
 19990401 1200 26.46 2
 19990406 1200 26.25 2
 19990411 1200 26.33 2
 19990416 1200 26.47 2
 19990421 1200 26.28 2
 19990426 1200 26.43 2
 19990501 1200 26.56 2
 19990506 1200 26.98 2
 19990511 1200 27.21 2
 19990516 1200 27.46 2
 19990521 1200 27.45 2
 19990526 1200 27.32 2
 19990531 1200 27.43 2
 19990605 1200 27.66 2
 19990610 1200 27.71 2
 19990615 1200 27.55 2
 19990620 1200 27.72 2
 19990625 1200 27.84 2
 19990630 1200 27.81 2
 19990705 1200 27.76 2
 19990710 1200 27.54 2
 19990715 1200 27.49 2
 19990720 1200 27.81 2
 19990725 1200 27.68 2
 19990730 1200 27.50 2
 19990804 1200 27.34 2
 19990809 1200 27.40 2
 19990814 1200 27.22 2
 19990819 1200 27.35 2
 19990824 1200 27.51 2
 19990829 1200 27.85 2
 19990903 1200 28.00 2
 19990908 1200 27.61 2
 19990913 1200 27.55 2
 19990918 1200 27.90 2
 19990923 1200 27.94 2
 19990928 1200 27.97 2
 19991003 1200 27.59 2
 19991008 1200 27.69 2
 19991013 1200 27.78 2
 19991018 1200 27.71 2
 19991023 1200 27.72 2
 19991028 1200 27.35 2
 19991102 1200 27.27 2
 19991107 1200 27.63 2
 19991112 1200 27.53 2
 19991117 1200 28.11 2
 19991122 1200 27.98 2
 19991127 1200 27.38 2
 19991202 1200 27.03 2
 19991207 1200 27.23 2
 19991212 1200 27.48 2
 19991217 1200 27.20 2
 19991222 1200 26.54 2
 19991227 1200 27.04 2
 20000101 1200 26.80 2
 20000106 1200 26.77 2
 20000111 1200 26.94 2
 20000116 1200 26.29 2
 20000121 1200 26.42 2
 20000126 1200 26.68 2
 20000131 1200 26.43 2
 20000205 1200 26.25 2
 20000210 1200 26.18 2
 20000215 1200 26.15 2
 20000220 1200 25.67 2
 20000225 1200 25.80 2
 20000301 1200 25.91 2
 20000307 1200 26.39 2
 20000312 1200 26.75 2
 20000317 1200 26.48 2
 20000322 1200 26.34 2
 20000327 1200 26.32 2
 20000401 1200 26.67 2
 20000406 1200 26.83 2
 20000411 1200 27.01 2
 20000416 1200 27.06 2
 20000421 1200 27.06 2
 20000426 1200 27.23 2
 20000501 1200 27.16 2
 20000506 1200 27.17 2
 20000511 1200 27.32 2
 20000516 1200 27.54 2
 20000521 1200 27.33 2
 20000526 1200 27.66 2
 20000531 1200 27.75 2
 20000605 1200 27.74 2
 20000610 1200 27.68 2
 20000615 1200 27.91 2
 20000620 1200 28.00 2
 20000625 1200 28.16 2
 20000630 1200 28.05 2
 20000705 1200 27.95 2
 20000710 1200 28.24 2
 20000715 1200 28.28 2
 20000720 1200 28.21 2
 20000725 1200 28.48 2
 20000730 1200 28.57 2
 20000804 1200 28.52 2
 20000809 1200 28.62 2
 20000814 1200 28.46 2
 20000819 1200 28.33 2
 20000824 1200 28.09 2
 20000829 1200 28.45 2
 20000903 1200 28.93 2
 20000908 1200 28.87 2
 20000913 1200 28.90 2
 20000918 1200 28.68 2
 20000923 1200 28.41 2
 20000928 1200 28.28 2
 20001003 1200 28.25 2
 20001008 1200 28.22 2
 20001013 1200 28.17 2
 20001018 1200 28.01 2
 20001023 1200 28.08 2
 20001028 1200 28.08 2
 20001102 1200 28.07 2
 20001107 1200 28.19 2
 20001112 1200 28.20 2
 20001117 1200 28.02 2
 20001122 1200 27.63 2
 20001127 1200 27.73 2
 20001202 1200 27.59 1
 20001207 1200 27.22 1
 20001212 1200 27.68 1
 20001217 1200 27.75 1
 20001222 1200 27.54 1
 20001227 1200 27.64 1
 20010101 1200 27.50 1
 20010106 1200 27.51 1
 20010111 1200 27.41 1
 20010116 1200 27.35 1
 20010121 1200 27.19 1
 20010126 1200 27.18 1
 20010131 1200 27.16 1
 20010205 1200 26.87 1
 20010210 1200 26.91 1
 20010215 1200 26.87 1
 20010220 1200 26.89 1
 20010225 1200 26.95 1
 20010302 1200 27.25 1
 20010307 1200 27.36 1
 20010312 1200 27.35 1
 20010317 1200 27.38 1
 20010322 1200 27.16 1
 20010327 1200 27.49 1
 20010401 1200 27.52 1
 20010406 1200 27.92 1
 20010411 1200 27.92 1
 20010416 1200 28.14 1
 20010421 1200 28.05 1
 20010426 1200 28.27 1
 20010501 1200 28.04 1
 20010506 1200 28.14 1
 20010511 1200 28.54 1
 20010516 1200 28.64 1
 20010521 1200 28.85 1
 20010526 1200 29.08 1
 20010531 1200 28.87 1
 20010605 1200 28.51 1
 20010610 1200 28.60 1
 20010615 1200 28.90 1
 20010620 1200 28.95 1
 20010625 1200 28.99 1
 20010630 1200 28.78 1
 20010705 1200 29.35 1
 20010710 1200 29.39 1
 20010715 1200 29.59 1
 20010720 1200 29.24 1
 20010725 1200 29.47 1
 20010730 1200 29.48 1
 20010804 1200 29.44 1
 20010809 1200 29.33 1
 20010814 1200 29.12 1
 20010819 1200 29.17 1
 20010824 1200 29.01 1
 20010829 1200 29.47 1
 20010903 1200 29.82 1
 20010908 1200 29.88 1
 20010913 1200 29.68 1
 20010918 1200 29.58 1
 20010923 1200 29.43 1
 20010928 1200 29.31 1
 20011003 1200 28.79 1
 20011008 1200 28.98 1
 20011013 1200 28.98 1
 20011018 1200 29.04 1
 20011023 1200 29.12 1
 20011028 1200 29.43 1
 20011102 1200 29.12 1
 20011107 1200 29.54 1
 20011112 1200 29.15 1
 20011117 1200 28.79 1
 20011122 1200 28.66 1
 20011127 1200 29.04 1
 20011202 1200 29.02 1
 20011207 1200 28.80 1
 20011212 1200 28.92 1
 20011217 1200 28.94 1
 20011222 1200 29.29 1
 20011227 1200 29.50 1
 20020101 1200 29.41 1
 20020106 1200 29.59 1
 20020111 1200 29.65 1
 20020116 1200 29.86 1
 20020121 1200 29.65 1
 20020126 1200 29.56 1
 20020131 1200 29.49 1
 20020205 1200 29.23 1
 20020210 1200 29.18 1
 20020215 1200 28.77 1
 20020220 1200 28.54 1
 20020225 1200 28.77 1
 20020302 1200 28.80 1
 20020307 1200 28.73 1
 20020312 1200 28.53 1
 20020317 1200 28.84 1
 20020322 1200 28.89 1
 20020327 1200 28.81 1
 20020401 1200 28.86 1
 20020406 1200 28.89 1
 20020411 1200 29.06 1
 20020416 1200 29.26 1
 20020421 1200 29.39 1
 20020426 1200 29.45 1
 20020501 1200 29.31 1
 20020506 1200 29.21 1
 20020511 1200 29.32 1
 20020516 1200 29.65 1
 20020521 1200 30.15 1
 20020526 1200 29.96 1
 20020531 1200 29.87 1
 20020605 1200 29.91 1
 20020610 1200 30.20 1
 20020615 1200 30.14 1
 20020620 1200 29.92 1
 20020625 1200 29.77 1
 20020630 1200 29.68 1
 20020705 1200 29.99 1
 20020710 1200 30.49 1
 20020715 1200 30.29 1
 20020720 1200 30.30 1
 20020725 1200 30.12 1
 20020730 1200 30.26 1
 20020804 1200 30.20 1
 20020809 1200 29.85 1
 20020814 1200 30.07 1
 20020819 1200 29.92 1
 20020824 1200 29.73 1
 20020829 1200 29.72 1
 20020903 1200 29.63 1
 20020908 1200 29.44 1
 20020913 1200 29.50 1
 20020918 1200 29.79 1
 20020923 1200 29.83 1
 20020928 1200 29.78 1
 20021003 1200 29.60 1
 20021008 1200 29.70 1
 20021013 1200 29.62 1
 20021018 1200 29.60 1
 20021023 1200 29.72 1
 20021028 1200 30.17 1
 20021102 1200 30.13 1
 20021107 1200 30.20 1
 20021112 1200 30.36 1
 20021117 1200 30.04 1
 20021122 1200 30.17 1
 20021127 1200 29.84 1
 20021202 1200 29.82 1
 20021207 1200 29.91 1
 20021212 1200 29.72 1
 20021217 1200 29.58 1
 20021222 1200 29.63 1
 20021227 1200 29.52 1
 20030101 1200 29.59 1
 20030106 1200 29.51 1
 20030111 1200 29.73 1
 20030116 1200 29.79 1
 20030121 1200 29.87 1
 20030126 1200 29.74 1
 20030131 1200 29.92 1
 20030205 1200 29.89 1
 20030210 1200 30.09 1
 20030215 1200 30.05 1
 20030220 1200 29.98 1
 20030225 1200 29.68 1
 20030302 1200 29.35 1
 20030307 1200 29.08 1
 20030312 1200 29.18 1
 20030317 1200 29.22 1
 20030322 1200 28.90 1
 20030327 1200 28.85 1
 20030401 1200 28.95 1
 20030406 1200 28.92 1
 20030411 1200 29.03 1
 20030416 1200 28.81 1
 20030421 1200 29.09 1
 20030426 1200 28.93 1
 20030501 1200 28.97 1
 20030506 1200 29.17 1
 20030511 1200 28.65 1
 20030516 1200 28.27 1
 20030521 1200 28.48 1
 20030526 1200 29.06 1
 20030531 1200 29.27 1
 20030605 1200 29.32 1
 20030610 1200 29.40 1
 20030615 1200 29.14 1
 20030620 1200 29.03 1
 20030625 1200 29.13 1
 20030630 1200 29.09 1
 20030705 1200 28.99 1
 20030710 1200 29.09 1
 20030715 1200 29.01 1
 20030720 1200 28.83 1
 20030725 1200 28.92 1
 20030730 1200 28.88 1
 20030804 1200 28.79 1
 20030809 1200 28.72 1
 20030814 1200 29.17 1
 20030819 1200 28.88 1
 20030824 1200 28.92 1
 20030829 1200 29.09 1
 20030903 1200 28.81 1
 20030908 1200 28.79 1
 20030913 1200 28.95 1
 20030918 1200 29.00 1
 20030923 1200 29.29 1
 20030928 1200 29.42 1
 20031003 1200 29.32 1
 20031008 1200 29.28 1
 20031013 1200 29.35 1
 20031018 1200 29.32 1
 20031023 1200 29.55 1
 20031028 1200 29.71 1
 20031102 1200 29.79 1
 20031107 1200 29.91 1
 20031112 1200 29.51 1
 20031117 1200 29.45 1
 20031122 1200 29.30 1
 20031127 1200 29.38 1
 20031202 1200 29.33 1
 20031207 1200 29.31 2
 20031212 1200 29.30 2
 20031217 1200 29.42 2
 20031222 1200 28.98 2
 20031227 1200 28.96 2
 20040101 1200 28.95 2
 20040106 1200 28.98 2
 20040111 1200 29.42 2
 20040116 1200 29.61 2
 20040121 1200 29.55 2
 20040126 1200 29.39 2
 20040131 1200 29.02 2
 20040205 1200 28.71 2
 20040210 1200 28.55 2
 20040215 1200 28.39 2
 20040220 1200 28.29 2
 20040225 1200 28.37 2
 20040301 1200 28.09 2
 20040307 1200 27.94 2
 20040312 1200 28.04 2
 20040317 1200 27.92 2
 20040322 1200 28.33 2
 20040327 1200 28.59 2
 20040401 1200 28.42 2
 20040406 1200 28.30 2
 20040411 1200 28.46 2
 20040416 1200 28.88 2
 20040421 1200 28.84 2
 20040426 1200 29.03 2
 20040501 1200 29.02 2
 20040506 1200 29.00 2
 20040511 1200 29.06 2
 20040516 1200 29.25 2
 20040521 1200 29.28 2
 20040526 1200 29.72 2
 20040531 1200 29.50 2
 20040605 1200 29.45 2
 20040610 1200 29.32 2
 20040615 1200 29.42 2
 20040620 1200 29.54 2
 20040625 1200 29.43 2
 20040630 1200 29.61 2
 20040705 1200 29.91 2
 20040710 1200 30.04 2
 20040715 1200 29.98 2
 20040720 1200 30.01 2
 20040725 1200 29.83 2
 20040730 1200 29.78 2
 20040804 1200 29.95 2
 20040809 1200 29.87 2
 20040814 1200 29.95 2
 20040819 1200 29.89 2
 20040824 1200 29.96 2
 20040829 1200 30.03 2
 20040903 1200 30.28 2
 20040908 1200 30.26 2
 20040913 1200 30.18 2
 20040918 1200 30.05 2
 20040923 1200 30.10 2
 20040928 1200 29.94 2
 20041003 1200 29.94 2
 20041008 1200 29.96 2
 Time: 1200  7 Dec 2004 to 1200  5 Feb 2005 (index   855 to   867,   13 times)
 Depth (M):        1 QUALITY
 YYYYMMDD HHMM   SST Q
 20041207 1200 29.86 2
 20041212 1200 29.56 2
 20041217 1200 29.56 2
 20041222 1200 29.62 2
 20041227 1200 29.77 2
 20050101 1200 29.84 2
 20050106 1200 29.97 2
 20050111 1200 29.64 2
 20050116 1200 29.31 2
 20050121 1200 29.32 2
 20050126 1200 29.18 2
 20050131 1200 29.33 2
 20050205 1200 29.38 2
 Time: 1200  4 Aug 2005 to 1200 25 Jul 2007 (index   903 to  1047,  145 times)
 Depth (M):        1 QUALITY
 YYYYMMDD HHMM   SST Q
 20050804 1200 28.80 1
 20050809 1200 28.69 1
 20050814 1200 28.85 1
 20050819 1200 28.90 1
 20050824 1200 28.98 1
 20050829 1200 29.29 1
 20050903 1200 28.79 1
 20050908 1200 28.40 1
 20050913 1200 28.59 1
 20050918 1200 29.07 1
 20050923 1200 29.41 1
 20050928 1200 29.32 1
 20051003 1200 29.34 1
 20051008 1200 29.04 1
 20051013 1200 28.68 1
 20051018 1200 28.58 1
 20051023 1200 28.76 1
 20051028 1200 28.85 1
 20051102 1200 28.99 1
 20051107 1200 28.95 1
 20051112 1200 28.67 1
 20051117 1200 28.64 1
 20051122 1200 28.39 1
 20051127 1200 28.52 1
 20051202 1200 28.50 1
 20051207 1200 28.55 1
 20051212 1200 28.47 1
 20051217 1200 28.73 1
 20051222 1200 28.05 1
 20051227 1200 27.90 1
 20060101 1200 28.33 1
 20060106 1200 27.85 1
 20060111 1200 27.28 1
 20060116 1200 27.31 1
 20060121 1200 27.25 1
 20060126 1200 27.37 1
 20060131 1200 27.13 1
 20060205 1200 26.75 1
 20060210 1200 26.61 1
 20060215 1200 26.76 1
 20060220 1200 27.06 1
 20060225 1200 26.97 1
 20060302 1200 26.98 1
 20060307 1200 27.03 1
 20060312 1200 27.31 1
 20060317 1200 27.36 1
 20060322 1200 27.78 1
 20060327 1200 27.87 1
 20060401 1200 27.74 1
 20060406 1200 27.80 1
 20060411 1200 -9.99 0
 20060416 1200 27.81 1
 20060421 1200 28.06 1
 20060426 1200 28.19 1
 20060501 1200 28.11 1
 20060506 1200 28.43 1
 20060511 1200 28.68 1
 20060516 1200 28.88 1
 20060521 1200 28.80 1
 20060526 1200 28.68 1
 20060531 1200 29.14 1
 20060605 1200 29.21 1
 20060610 1200 28.89 1
 20060615 1200 28.99 1
 20060620 1200 29.26 1
 20060625 1200 29.10 1
 20060630 1200 29.12 1
 20060705 1200 29.28 1
 20060710 1200 29.47 1
 20060715 1200 29.51 1
 20060720 1200 29.63 1
 20060725 1200 29.75 2
 20060730 1200 29.95 2
 20060804 1200 29.66 2
 20060809 1200 29.67 2
 20060814 1200 29.97 2
 20060819 1200 30.37 2
 20060824 1200 30.41 2
 20060829 1200 30.30 2
 20060903 1200 30.35 2
 20060908 1200 30.43 2
 20060913 1200 30.27 2
 20060918 1200 30.35 2
 20060923 1200 30.22 2
 20060928 1200 30.04 2
 20061003 1200 29.70 2
 20061008 1200 29.74 2
 20061013 1200 30.05 2
 20061018 1200 30.26 2
 20061023 1200 30.56 2
 20061028 1200 30.65 2
 20061102 1200 30.39 2
 20061107 1200 30.36 2
 20061112 1200 30.39 2
 20061117 1200 30.36 2
 20061122 1200 30.27 2
 20061127 1200 30.31 2
 20061202 1200 30.20 2
 20061207 1200 30.03 2
 20061212 1200 30.15 2
 20061217 1200 30.06 2
 20061222 1200 30.13 2
 20061227 1200 30.25 2
 20070101 1200 29.93 2
 20070106 1200 29.57 2
 20070111 1200 29.24 2
 20070116 1200 28.83 2
 20070121 1200 28.81 2
 20070126 1200 28.83 2
 20070131 1200 28.62 2
 20070205 1200 28.64 2
 20070210 1200 28.60 2
 20070215 1200 28.84 2
 20070220 1200 28.71 2
 20070225 1200 28.60 2
 20070302 1200 28.26 2
 20070307 1200 28.21 2
 20070312 1200 28.28 2
 20070317 1200 28.02 2
 20070322 1200 27.81 2
 20070327 1200 28.10 2
 20070401 1200 28.38 2
 20070406 1200 28.34 2
 20070411 1200 28.23 2
 20070416 1200 28.06 2
 20070421 1200 28.18 2
 20070426 1200 28.32 2
 20070501 1200 28.27 2
 20070506 1200 28.34 2
 20070511 1200 28.49 2
 20070516 1200 28.79 2
 20070521 1200 28.87 2
 20070526 1200 28.94 2
 20070531 1200 28.73 2
 20070605 1200 28.80 2
 20070610 1200 28.89 2
 20070615 1200 28.96 2
 20070620 1200 28.73 2
 20070625 1200 28.43 2
 20070630 1200 28.37 2
 20070705 1200 28.42 2
 20070710 1200 28.51 2
 20070715 1200 28.42 2
 20070720 1200 28.62 2
 20070725 1200 28.92 2
 Time: 1200 29 Aug 2007 to 1200 14 Aug 2009 (index  1054 to  1197,  144 times)
 Depth (M):        1 QUALITY
 YYYYMMDD HHMM   SST Q
 20070829 1200 27.96 1
 20070903 1200 27.71 1
 20070908 1200 27.85 1
 20070913 1200 27.58 1
 20070918 1200 27.45 1
 20070923 1200 27.78 1
 20070928 1200 27.82 1
 20071003 1200 27.70 1
 20071008 1200 28.05 1
 20071013 1200 27.95 1
 20071018 1200 27.53 1
 20071023 1200 27.16 1
 20071028 1200 27.44 1
 20071102 1200 27.71 1
 20071107 1200 27.50 1
 20071112 1200 27.05 1
 20071117 1200 26.78 1
 20071122 1200 26.58 1
 20071127 1200 27.00 1
 20071202 1200 27.17 1
 20071207 1200 27.03 1
 20071212 1200 27.20 1
 20071217 1200 27.30 1
 20071222 1200 26.56 1
 20071227 1200 26.46 1
 20080101 1200 26.03 1
 20080106 1200 25.85 1
 20080111 1200 25.90 1
 20080116 1200 25.96 1
 20080121 1200 26.18 1
 20080126 1200 25.98 1
 20080131 1200 25.92 1
 20080205 1200 25.54 1
 20080210 1200 25.61 1
 20080215 1200 25.59 1
 20080220 1200 25.77 1
 20080225 1200 25.48 1
 20080301 1200 25.65 1
 20080307 1200 25.91 1
 20080312 1200 25.89 1
 20080317 1200 25.96 1
 20080322 1200 26.01 1
 20080327 1200 26.45 4
 20080401 1200 27.03 4
 20080406 1200 26.43 4
 20080411 1200 26.41 4
 20080416 1200 26.57 4
 20080421 1200 26.40 4
 20080426 1200 26.58 4
 20080501 1200 26.77 4
 20080506 1200 26.85 4
 20080511 1200 26.99 4
 20080516 1200 27.15 4
 20080521 1200 27.42 4
 20080526 1200 27.28 4
 20080531 1200 27.36 4
 20080605 1200 27.54 4
 20080610 1200 27.49 4
 20080615 1200 27.52 4
 20080620 1200 27.63 4
 20080625 1200 27.57 4
 20080630 1200 27.81 4
 20080705 1200 28.16 4
 20080710 1200 28.15 4
 20080715 1200 28.15 4
 20080720 1200 27.99 4
 20080725 1200 27.84 4
 20080730 1200 27.87 4
 20080804 1200 27.86 4
 20080809 1200 28.03 4
 20080814 1200 28.16 4
 20080819 1200 28.19 4
 20080824 1200 27.97 4
 20080829 1200 27.91 4
 20080903 1200 27.45 4
 20080908 1200 27.48 4
 20080913 1200 27.64 4
 20080918 1200 27.66 4
 20080923 1200 27.71 2
 20080928 1200 27.86 2
 20081003 1200 28.12 2
 20081008 1200 27.95 2
 20081013 1200 28.26 2
 20081018 1200 28.24 2
 20081023 1200 28.18 2
 20081028 1200 28.31 2
 20081102 1200 28.16 2
 20081107 1200 28.09 2
 20081112 1200 27.81 2
 20081117 1200 27.28 2
 20081122 1200 27.69 2
 20081127 1200 27.69 2
 20081202 1200 27.67 2
 20081207 1200 27.62 2
 20081212 1200 27.62 2
 20081217 1200 27.33 2
 20081222 1200 27.28 2
 20081227 1200 27.20 2
 20090101 1200 27.14 2
 20090106 1200 27.13 2
 20090111 1200 27.33 2
 20090116 1200 27.19 2
 20090121 1200 27.37 2
 20090126 1200 27.21 2
 20090131 1200 26.98 2
 20090205 1200 26.68 2
 20090210 1200 26.64 2
 20090215 1200 26.99 2
 20090220 1200 26.99 2
 20090225 1200 26.83 2
 20090302 1200 26.92 2
 20090307 1200 27.14 2
 20090312 1200 27.30 2
 20090317 1200 27.23 2
 20090322 1200 27.25 2
 20090327 1200 27.82 2
 20090401 1200 28.04 2
 20090406 1200 27.93 2
 20090411 1200 27.94 2
 20090416 1200 27.92 2
 20090421 1200 28.04 2
 20090426 1200 28.25 2
 20090501 1200 28.85 2
 20090506 1200 28.82 2
 20090511 1200 28.84 2
 20090516 1200 28.72 2
 20090521 1200 28.76 2
 20090526 1200 28.94 2
 20090531 1200 28.81 2
 20090605 1200 29.17 2
 20090610 1200 29.51 2
 20090615 1200 29.49 2
 20090620 1200 29.63 2
 20090625 1200 29.35 2
 20090630 1200 29.43 2
 20090705 1200 29.55 2
 20090710 1200 29.60 2
 20090715 1200 29.58 2
 20090720 1200 29.65 2
 20090725 1200 29.68 2
 20090730 1200 29.68 2
 20090804 1200 29.88 2
 20090809 1200 29.83 2
 20090814 1200 29.85 2
 Time: 1200 22 Nov 2009 to 1200 25 Jun 2012 (index  1217 to  1406,  190 times)
 Depth (M):        1 QUALITY
 YYYYMMDD HHMM   SST Q
 20091122 1200 30.55 1
 20091127 1200 30.46 1
 20091202 1200 30.46 1
 20091207 1200 30.13 1
 20091212 1200 30.01 1
 20091217 1200 29.98 1
 20091222 1200 29.71 1
 20091227 1200 29.44 1
 20100101 1200 29.56 1
 20100106 1200 29.72 1
 20100111 1200 29.81 1
 20100116 1200 29.83 1
 20100121 1200 29.85 1
 20100126 1200 29.80 1
 20100131 1200 29.60 1
 20100205 1200 29.67 1
 20100210 1200 29.70 1
 20100215 1200 29.74 1
 20100220 1200 29.79 1
 20100225 1200 29.72 1
 20100302 1200 29.69 1
 20100307 1200 29.71 1
 20100312 1200 29.52 1
 20100317 1200 29.71 1
 20100322 1200 29.46 1
 20100327 1200 29.12 1
 20100401 1200 29.37 1
 20100406 1200 29.61 1
 20100411 1200 29.51 1
 20100416 1200 29.15 1
 20100421 1200 29.24 1
 20100426 1200 29.62 1
 20100501 1200 29.17 1
 20100506 1200 28.84 1
 20100511 1200 28.80 1
 20100516 1200 28.76 1
 20100521 1200 28.34 1
 20100526 1200 28.39 1
 20100531 1200 28.50 1
 20100605 1200 28.49 1
 20100610 1200 28.35 1
 20100615 1200 28.20 1
 20100620 1200 27.92 1
 20100625 1200 28.26 1
 20100630 1200 28.27 1
 20100705 1200 28.06 1
 20100710 1200 27.74 1
 20100715 1200 28.12 1
 20100720 1200 27.89 1
 20100725 1200 27.67 1
 20100730 1200 27.53 1
 20100804 1200 27.56 1
 20100809 1200 27.21 1
 20100814 1200 27.10 1
 20100819 1200 27.00 1
 20100824 1200 26.64 1
 20100829 1200 26.72 1
 20100903 1200 27.07 1
 20100908 1200 26.90 1
 20100913 1200 26.71 1
 20100918 1200 26.54 1
 20100923 1200 26.82 1
 20100928 1200 26.77 1
 20101003 1200 27.01 1
 20101008 1200 27.23 1
 20101013 1200 26.80 1
 20101018 1200 26.54 1
 20101023 1200 26.38 1
 20101028 1200 26.71 1
 20101102 1200 26.67 1
 20101107 1200 26.54 1
 20101112 1200 26.55 1
 20101117 1200 26.37 1
 20101122 1200 26.13 1
 20101127 1200 26.26 1
 20101202 1200 26.36 1
 20101207 1200 26.68 1
 20101212 1200 26.82 1
 20101217 1200 26.71 1
 20101222 1200 26.84 1
 20101227 1200 26.73 1
 20110101 1200 26.10 1
 20110106 1200 25.88 1
 20110111 1200 26.31 1
 20110116 1200 26.74 1
 20110121 1200 27.06 1
 20110126 1200 26.86 1
 20110131 1200 26.36 1
 20110205 1200 26.39 1
 20110210 1200 26.46 1
 20110215 1200 26.73 1
 20110220 1200 26.70 1
 20110225 1200 26.52 1
 20110302 1200 26.42 1
 20110307 1200 26.62 1
 20110312 1200 26.72 1
 20110317 1200 26.89 1
 20110322 1200 27.07 1
 20110327 1200 27.06 1
 20110401 1200 27.09 1
 20110406 1200 27.52 1
 20110411 1200 27.57 1
 20110416 1200 27.43 1
 20110421 1200 27.39 1
 20110426 1200 27.41 1
 20110501 1200 27.52 1
 20110506 1200 27.69 1
 20110511 1200 28.24 1
 20110516 1200 28.21 1
 20110521 1200 28.22 1
 20110526 1200 28.05 1
 20110531 1200 28.09 1
 20110605 1200 28.13 1
 20110610 1200 28.18 1
 20110615 1200 28.23 1
 20110620 1200 28.12 1
 20110625 1200 28.32 1
 20110630 1200 28.31 1
 20110705 1200 28.22 1
 20110710 1200 28.48 1
 20110715 1200 28.29 1
 20110720 1200 28.14 1
 20110725 1200 28.03 1
 20110730 1200 27.95 1
 20110804 1200 28.10 1
 20110809 1200 28.09 1
 20110814 1200 28.12 1
 20110819 1200 28.13 1
 20110824 1200 28.01 1
 20110829 1200 27.91 1
 20110903 1200 28.00 1
 20110908 1200 28.21 1
 20110913 1200 27.99 1
 20110918 1200 27.83 1
 20110923 1200 27.75 1
 20110928 1200 27.44 1
 20111003 1200 27.52 1
 20111008 1200 27.73 1
 20111013 1200 28.10 1
 20111018 1200 28.37 1
 20111023 1200 28.16 1
 20111028 1200 27.94 1
 20111102 1200 27.96 1
 20111107 1200 27.99 1
 20111112 1200 28.08 1
 20111117 1200 27.74 1
 20111122 1200 27.36 1
 20111127 1200 27.17 2
 20111202 1200 27.41 2
 20111207 1200 27.38 2
 20111212 1200 27.25 2
 20111217 1200 26.84 2
 20111222 1200 26.80 2
 20111227 1200 26.61 2
 20120101 1200 26.52 2
 20120106 1200 26.58 2
 20120111 1200 26.78 2
 20120116 1200 27.27 2
 20120121 1200 26.70 2
 20120126 1200 26.58 2
 20120131 1200 26.51 2
 20120205 1200 26.69 2
 20120210 1200 26.61 2
 20120215 1200 26.66 2
 20120220 1200 26.79 2
 20120225 1200 27.08 2
 20120301 1200 27.25 2
 20120307 1200 27.28 2
 20120312 1200 27.42 2
 20120317 1200 27.29 2
 20120322 1200 27.55 2
 20120327 1200 27.43 2
 20120401 1200 27.52 2
 20120406 1200 28.18 2
 20120411 1200 27.96 2
 20120416 1200 27.82 2
 20120421 1200 27.98 2
 20120426 1200 28.17 2
 20120501 1200 28.34 2
 20120506 1200 28.09 2
 20120511 1200 28.02 2
 20120516 1200 28.13 2
 20120521 1200 28.23 2
 20120526 1200 28.39 2
 20120531 1200 28.37 2
 20120605 1200 28.33 2
 20120610 1200 28.48 2
 20120615 1200 28.44 2
 20120620 1200 28.85 2
 20120625 1200 28.88 2
 Time: 1200 30 Jul 2014 to 1200  7 Nov 2016 (index  1559 to  1725,  167 times)
 Depth (M):        1 QUALITY
 YYYYMMDD HHMM   SST Q
 20140730 1200 29.09 2
 20140804 1200 29.30 2
 20140809 1200 29.26 2
 20140814 1200 29.13 2
 20140819 1200 29.12 2
 20140824 1200 29.25 2
 20140829 1200 29.46 2
 20140903 1200 29.37 2
 20140908 1200 29.40 2
 20140913 1200 29.44 2
 20140918 1200 29.18 2
 20140923 1200 28.96 2
 20140928 1200 28.85 2
 20141003 1200 28.91 2
 20141008 1200 28.99 2
 20141013 1200 29.42 2
 20141018 1200 29.68 2
 20141023 1200 29.78 2
 20141028 1200 29.69 2
 20141102 1200 29.24 2
 20141107 1200 29.24 2
 20141112 1200 29.15 2
 20141117 1200 29.19 2
 20141122 1200 29.36 2
 20141127 1200 29.23 2
 20141202 1200 29.43 2
 20141207 1200 29.35 2
 20141212 1200 29.45 2
 20141217 1200 29.53 2
 20141222 1200 29.47 2
 20141227 1200 29.39 2
 20150101 1200 29.40 2
 20150106 1200 29.63 2
 20150111 1200 29.05 2
 20150116 1200 29.60 2
 20150121 1200 29.85 2
 20150126 1200 29.43 2
 20150131 1200 29.40 2
 20150205 1200 29.67 2
 20150210 1200 29.64 2
 20150215 1200 29.35 2
 20150220 1200 29.15 2
 20150225 1200 29.44 2
 20150302 1200 29.93 2
 20150307 1200 29.39 2
 20150312 1200 29.64 2
 20150317 1200 30.04 2
 20150322 1200 30.11 2
 20150327 1200 30.07 2
 20150401 1200 30.17 2
 20150406 1200 30.06 2
 20150411 1200 29.90 2
 20150416 1200 29.99 2
 20150421 1200 30.19 2
 20150426 1200 30.04 2
 20150501 1200 30.69 2
 20150506 1200 30.47 2
 20150511 1200 30.32 2
 20150516 1200 30.27 2
 20150521 1200 29.98 2
 20150526 1200 30.24 2
 20150531 1200 30.62 2
 20150605 1200 30.38 2
 20150610 1200 30.35 2
 20150615 1200 30.14 2
 20150620 1200 30.12 2
 20150625 1200 30.23 2
 20150630 1200 30.12 2
 20150705 1200 30.21 2
 20150710 1200 30.30 2
 20150715 1200 30.07 2
 20150720 1200 30.16 2
 20150725 1200 30.24 2
 20150730 1200 30.19 2
 20150804 1200 30.12 2
 20150809 1200 30.07 2
 20150814 1200 30.11 2
 20150819 1200 30.16 2
 20150824 1200 30.03 2
 20150829 1200 29.97 2
 20150903 1200 29.76 2
 20150908 1200 30.23 2
 20150913 1200 30.33 2
 20150918 1200 30.44 2
 20150923 1200 30.05 2
 20150928 1200 29.99 2
 20151003 1200 30.07 2
 20151008 1200 30.01 2
 20151013 1200 29.77 2
 20151018 1200 29.79 2
 20151023 1200 29.74 2
 20151028 1200 29.79 2
 20151102 1200 30.36 2
 20151107 1200 30.45 2
 20151112 1200 30.50 2
 20151117 1200 30.58 2
 20151122 1200 30.89 2
 20151127 1200 30.74 2
 20151202 1200 30.43 2
 20151207 1200 30.38 2
 20151212 1200 30.60 2
 20151217 1200 30.30 2
 20151222 1200 30.32 2
 20151227 1200 30.22 2
 20160101 1200 29.75 2
 20160106 1200 29.70 2
 20160111 1200 29.64 2
 20160116 1200 29.53 2
 20160121 1200 29.63 2
 20160126 1200 29.55 2
 20160131 1200 29.51 2
 20160205 1200 29.49 2
 20160210 1200 29.22 2
 20160215 1200 29.49 2
 20160220 1200 29.44 2
 20160225 1200 29.89 2
 20160301 1200 29.96 2
 20160307 1200 30.11 2
 20160312 1200 29.96 2
 20160317 1200 29.61 2
 20160322 1200 29.88 2
 20160327 1200 29.15 2
 20160401 1200 29.73 2
 20160406 1200 29.17 2
 20160411 1200 28.76 2
 20160416 1200 29.07 2
 20160421 1200 29.54 2
 20160426 1200 29.91 2
 20160501 1200 29.41 2
 20160506 1200 29.14 2
 20160511 1200 29.45 2
 20160516 1200 29.27 2
 20160521 1200 29.12 2
 20160526 1200 29.60 2
 20160531 1200 29.62 2
 20160605 1200 29.38 2
 20160610 1200 29.61 2
 20160615 1200 29.80 2
 20160620 1200 29.55 2
 20160625 1200 29.19 2
 20160630 1200 28.87 2
 20160705 1200 29.39 2
 20160710 1200 29.48 2
 20160715 1200 29.41 2
 20160720 1200 29.17 2
 20160725 1200 28.81 2
 20160730 1200 28.68 2
 20160804 1200 28.45 2
 20160809 1200 28.66 2
 20160814 1200 28.98 2
 20160819 1200 29.15 2
 20160824 1200 28.87 2
 20160829 1200 28.73 2
 20160903 1200 28.50 2
 20160908 1200 28.74 2
 20160913 1200 28.34 2
 20160918 1200 28.33 2
 20160923 1200 28.09 2
 20160928 1200 27.89 2
 20161003 1200 27.71 2
 20161008 1200 27.88 2
 20161013 1200 28.00 2
 20161018 1200 28.58 2
 20161023 1200 28.65 2
 20161028 1200 27.96 2
 20161102 1200 27.49 2
 20161107 1200 27.30 2
 Time: 1200 29 Aug 2017 to 1200 10 Jun 2018 (index  1784 to  1841,   58 times)
 Depth (M):        1 QUALITY
 YYYYMMDD HHMM   SST Q
 20170829 1200 28.47 2
 20170903 1200 28.70 2
 20170908 1200 28.74 2
 20170913 1200 28.62 2
 20170918 1200 28.52 2
 20170923 1200 28.52 2
 20170928 1200 28.40 2
 20171003 1200 28.20 2
 20171008 1200 28.15 2
 20171013 1200 28.17 2
 20171018 1200 28.12 2
 20171023 1200 28.38 2
 20171028 1200 28.48 2
 20171102 1200 28.43 2
 20171107 1200 28.25 2
 20171112 1200 28.15 2
 20171117 1200 27.93 2
 20171122 1200 28.03 2
 20171127 1200 28.12 2
 20171202 1200 27.93 2
 20171207 1200 27.92 2
 20171212 1200 27.92 2
 20171217 1200 28.03 2
 20171222 1200 27.91 2
 20171227 1200 28.00 2
 20180101 1200 27.92 2
 20180106 1200 27.82 2
 20180111 1200 27.71 2
 20180116 1200 27.64 2
 20180121 1200 27.36 2
 20180126 1200 26.99 2
 20180131 1200 27.04 2
 20180205 1200 26.93 2
 20180210 1200 27.25 2
 20180215 1200 27.36 2
 20180220 1200 27.78 2
 20180225 1200 27.83 2
 20180302 1200 27.77 2
 20180307 1200 27.45 2
 20180312 1200 27.77 2
 20180317 1200 27.89 2
 20180322 1200 27.98 2
 20180327 1200 27.77 2
 20180401 1200 27.89 2
 20180406 1200 27.99 2
 20180411 1200 27.93 2
 20180416 1200 27.90 2
 20180421 1200 27.80 2
 20180426 1200 28.29 2
 20180501 1200 28.17 2
 20180506 1200 28.89 2
 20180511 1200 28.47 2
 20180516 1200 28.43 2
 20180521 1200 28.48 2
 20180526 1200 28.51 2
 20180531 1200 28.36 2
 20180605 1200 28.51 2
 20180610 1200 28.51 2
