 Location:  0N 165E  12 Dec 1986 to 10 Jun 2018 ( 2300 times, 11 blocks) Gen. Date Jun 13 2018
 Units: Sea Surface Temperature (C), -9.99 = missing
 Time: 1200 12 Dec 1986 to 1200 16 Apr 1988 (index     1 to    99,   99 times)
 Depth (M):        1 QUALITY
 YYYYMMDD HHMM   SST Q
 19861212 1200 28.88 2
 19861217 1200 28.89 2
 19861222 1200 28.83 2
 19861227 1200 29.13 2
 19870101 1200 29.16 2
 19870106 1200 29.24 2
 19870111 1200 29.31 2
 19870116 1200 29.25 2
 19870121 1200 29.21 2
 19870126 1200 29.24 2
 19870131 1200 29.12 2
 19870205 1200 29.43 2
 19870210 1200 29.17 2
 19870215 1200 29.03 2
 19870220 1200 29.06 2
 19870225 1200 28.94 2
 19870302 1200 28.98 2
 19870307 1200 29.37 2
 19870312 1200 29.70 2
 19870317 1200 29.35 2
 19870322 1200 29.33 2
 19870327 1200 29.11 2
 19870401 1200 29.33 2
 19870406 1200 29.30 2
 19870411 1200 29.07 2
 19870416 1200 29.12 2
 19870421 1200 29.13 2
 19870426 1200 29.48 2
 19870501 1200 29.45 2
 19870506 1200 29.30 2
 19870511 1200 29.19 2
 19870516 1200 29.23 2
 19870521 1200 29.17 2
 19870526 1200 29.55 2
 19870531 1200 29.36 2
 19870605 1200 29.66 2
 19870610 1200 29.56 2
 19870615 1200 29.39 2
 19870620 1200 29.45 2
 19870625 1200 29.11 2
 19870630 1200 29.00 2
 19870705 1200 29.03 2
 19870710 1200 28.89 2
 19870715 1200 28.78 2
 19870720 1200 28.59 2
 19870725 1200 28.70 2
 19870730 1200 29.09 2
 19870804 1200 29.12 2
 19870809 1200 28.96 2
 19870814 1200 28.77 2
 19870819 1200 28.79 2
 19870824 1200 28.96 2
 19870829 1200 28.80 2
 19870903 1200 28.67 2
 19870908 1200 28.78 2
 19870913 1200 29.20 2
 19870918 1200 29.29 2
 19870923 1200 29.58 2
 19870928 1200 29.68 2
 19871003 1200 29.75 2
 19871008 1200 29.70 2
 19871013 1200 29.58 2
 19871018 1200 29.82 2
 19871023 1200 30.20 2
 19871028 1200 30.24 2
 19871102 1200 30.74 2
 19871107 1200 30.76 2
 19871112 1200 30.55 2
 19871117 1200 30.12 2
 19871122 1200 30.02 2
 19871127 1200 30.30 2
 19871202 1200 30.11 2
 19871207 1200 30.26 2
 19871212 1200 30.19 2
 19871217 1200 29.94 2
 19871222 1200 29.87 2
 19871227 1200 29.86 2
 19880101 1200 29.59 2
 19880106 1200 29.68 2
 19880111 1200 29.70 2
 19880116 1200 29.86 2
 19880121 1200 29.77 2
 19880126 1200 29.68 2
 19880131 1200 29.87 2
 19880205 1200 29.58 2
 19880210 1200 29.70 2
 19880215 1200 29.54 2
 19880220 1200 29.40 2
 19880225 1200 29.52 2
 19880301 1200 29.60 2
 19880307 1200 29.40 2
 19880312 1200 29.00 2
 19880317 1200 28.69 2
 19880322 1200 28.36 2
 19880327 1200 28.03 2
 19880401 1200 27.90 2
 19880406 1200 27.92 2
 19880411 1200 28.29 2
 19880416 1200 28.35 2
 Time: 1200 21 May 1988 to 1200  1 Jan 1992 (index   106 to   370,  265 times)
 Depth (M):        1 QUALITY
 YYYYMMDD HHMM   SST Q
 19880521 1200 28.38 2
 19880526 1200 28.69 2
 19880531 1200 28.65 2
 19880605 1200 28.85 2
 19880610 1200 28.50 2
 19880615 1200 28.65 2
 19880620 1200 28.47 2
 19880625 1200 28.61 2
 19880630 1200 28.65 2
 19880705 1200 28.63 2
 19880710 1200 28.59 2
 19880715 1200 28.52 2
 19880720 1200 28.38 2
 19880725 1200 28.42 2
 19880730 1200 28.78 2
 19880804 1200 28.47 2
 19880809 1200 27.97 2
 19880814 1200 27.92 2
 19880819 1200 27.79 2
 19880824 1200 27.87 2
 19880829 1200 27.81 2
 19880903 1200 28.10 2
 19880908 1200 28.09 2
 19880913 1200 27.50 2
 19880918 1200 27.66 2
 19880923 1200 27.60 2
 19880928 1200 27.61 2
 19881003 1200 27.48 2
 19881008 1200 27.75 2
 19881013 1200 27.44 2
 19881018 1200 27.71 2
 19881023 1200 27.96 2
 19881028 1200 27.70 2
 19881102 1200 27.47 2
 19881107 1200 27.43 2
 19881112 1200 27.41 2
 19881117 1200 27.74 2
 19881122 1200 27.69 2
 19881127 1200 27.66 2
 19881202 1200 27.96 2
 19881207 1200 27.85 2
 19881212 1200 28.05 2
 19881217 1200 27.66 2
 19881222 1200 27.74 2
 19881227 1200 27.46 2
 19890101 1200 27.85 2
 19890106 1200 27.73 2
 19890111 1200 27.83 2
 19890116 1200 28.36 2
 19890121 1200 28.38 2
 19890126 1200 27.67 2
 19890131 1200 27.29 2
 19890205 1200 28.01 2
 19890210 1200 28.16 2
 19890215 1200 28.14 2
 19890220 1200 28.27 2
 19890225 1200 28.05 2
 19890302 1200 28.12 2
 19890307 1200 27.90 2
 19890312 1200 27.92 2
 19890317 1200 27.91 2
 19890322 1200 27.89 2
 19890327 1200 28.01 2
 19890401 1200 27.85 2
 19890406 1200 27.85 2
 19890411 1200 27.76 2
 19890416 1200 27.66 2
 19890421 1200 27.95 2
 19890426 1200 28.25 2
 19890501 1200 28.64 2
 19890506 1200 29.20 2
 19890511 1200 28.88 2
 19890516 1200 28.55 2
 19890521 1200 28.35 2
 19890526 1200 28.31 2
 19890531 1200 28.37 2
 19890605 1200 28.30 2
 19890610 1200 28.52 2
 19890615 1200 28.57 2
 19890620 1200 28.65 2
 19890625 1200 29.02 2
 19890630 1200 29.22 2
 19890705 1200 29.01 2
 19890710 1200 28.79 2
 19890715 1200 28.75 2
 19890720 1200 28.93 2
 19890725 1200 29.04 2
 19890730 1200 28.96 2
 19890804 1200 28.98 2
 19890809 1200 28.97 2
 19890814 1200 28.91 2
 19890819 1200 28.78 2
 19890824 1200 28.61 2
 19890829 1200 28.61 2
 19890903 1200 28.69 2
 19890908 1200 28.84 2
 19890913 1200 28.93 2
 19890918 1200 28.92 2
 19890923 1200 29.11 2
 19890928 1200 29.21 2
 19891003 1200 29.52 2
 19891008 1200 29.24 2
 19891013 1200 28.86 2
 19891018 1200 29.13 2
 19891023 1200 28.81 2
 19891028 1200 29.48 2
 19891102 1200 29.09 2
 19891107 1200 29.53 2
 19891112 1200 29.66 2
 19891117 1200 29.33 2
 19891122 1200 29.30 2
 19891127 1200 29.15 2
 19891202 1200 29.08 2
 19891207 1200 29.34 2
 19891212 1200 29.61 2
 19891217 1200 29.31 2
 19891222 1200 29.27 2
 19891227 1200 29.39 2
 19900101 1200 29.84 2
 19900106 1200 29.55 2
 19900111 1200 29.52 2
 19900116 1200 29.44 2
 19900121 1200 29.40 2
 19900126 1200 29.21 2
 19900131 1200 29.34 2
 19900205 1200 29.35 2
 19900210 1200 29.30 2
 19900215 1200 29.24 2
 19900220 1200 29.79 2
 19900225 1200 29.36 2
 19900302 1200 29.58 2
 19900307 1200 29.43 2
 19900312 1200 29.22 2
 19900317 1200 29.34 2
 19900322 1200 29.50 2
 19900327 1200 29.64 2
 19900401 1200 29.63 2
 19900406 1200 29.56 2
 19900411 1200 29.65 2
 19900416 1200 29.55 2
 19900421 1200 29.67 2
 19900426 1200 29.51 2
 19900501 1200 29.60 2
 19900506 1200 29.39 2
 19900511 1200 29.68 2
 19900516 1200 29.58 2
 19900521 1200 29.68 2
 19900526 1200 30.17 2
 19900531 1200 30.00 2
 19900605 1200 30.11 2
 19900610 1200 30.19 2
 19900615 1200 29.91 2
 19900620 1200 30.05 2
 19900625 1200 29.87 2
 19900630 1200 29.94 2
 19900705 1200 29.66 2
 19900710 1200 29.74 2
 19900715 1200 29.86 2
 19900720 1200 29.81 2
 19900725 1200 29.87 2
 19900730 1200 29.77 2
 19900804 1200 29.84 2
 19900809 1200 29.92 2
 19900814 1200 30.05 2
 19900819 1200 30.31 2
 19900824 1200 30.09 2
 19900829 1200 29.47 2
 19900903 1200 29.37 2
 19900908 1200 29.45 2
 19900913 1200 29.71 2
 19900918 1200 29.88 2
 19900923 1200 29.94 2
 19900928 1200 29.89 2
 19901003 1200 30.02 2
 19901008 1200 30.13 2
 19901013 1200 29.78 2
 19901018 1200 30.15 2
 19901023 1200 30.26 2
 19901028 1200 30.49 2
 19901102 1200 30.51 2
 19901107 1200 30.48 2
 19901112 1200 30.34 2
 19901117 1200 30.09 2
 19901122 1200 29.81 2
 19901127 1200 29.68 2
 19901202 1200 29.84 2
 19901207 1200 29.96 2
 19901212 1200 29.88 2
 19901217 1200 29.58 2
 19901222 1200 29.58 2
 19901227 1200 29.66 2
 19910101 1200 29.56 2
 19910106 1200 29.64 2
 19910111 1200 29.52 2
 19910116 1200 29.48 2
 19910121 1200 29.46 2
 19910126 1200 29.54 2
 19910131 1200 29.61 2
 19910205 1200 29.84 2
 19910210 1200 30.04 2
 19910215 1200 30.01 2
 19910220 1200 30.13 2
 19910225 1200 29.95 2
 19910302 1200 29.87 2
 19910307 1200 29.95 2
 19910312 1200 30.12 2
 19910317 1200 29.81 2
 19910322 1200 29.70 2
 19910327 1200 29.89 2
 19910401 1200 29.93 2
 19910406 1200 30.03 2
 19910411 1200 30.10 2
 19910416 1200 30.20 2
 19910421 1200 30.18 2
 19910426 1200 29.97 2
 19910501 1200 29.97 2
 19910506 1200 30.17 2
 19910511 1200 30.02 2
 19910516 1200 29.90 2
 19910521 1200 29.88 2
 19910526 1200 29.96 2
 19910531 1200 29.98 2
 19910605 1200 30.07 2
 19910610 1200 30.11 2
 19910615 1200 30.06 2
 19910620 1200 29.71 2
 19910625 1200 29.73 2
 19910630 1200 29.78 2
 19910705 1200 29.77 2
 19910710 1200 29.85 2
 19910715 1200 29.79 2
 19910720 1200 29.87 2
 19910725 1200 30.13 2
 19910730 1200 30.12 2
 19910804 1200 29.94 2
 19910809 1200 30.16 2
 19910814 1200 30.07 2
 19910819 1200 29.97 2
 19910824 1200 29.92 2
 19910829 1200 30.02 2
 19910903 1200 29.68 2
 19910908 1200 29.49 2
 19910913 1200 29.69 2
 19910918 1200 29.57 2
 19910923 1200 29.24 2
 19910928 1200 29.23 2
 19911003 1200 29.62 2
 19911008 1200 29.97 2
 19911013 1200 30.09 2
 19911018 1200 29.87 2
 19911023 1200 29.85 2
 19911028 1200 30.06 2
 19911102 1200 30.01 2
 19911107 1200 29.81 2
 19911112 1200 29.70 2
 19911117 1200 29.44 2
 19911122 1200 29.07 2
 19911127 1200 29.16 2
 19911202 1200 29.28 2
 19911207 1200 29.38 2
 19911212 1200 29.37 2
 19911217 1200 29.36 2
 19911222 1200 29.61 2
 19911227 1200 29.52 2
 19920101 1200 29.17 2
 Time: 1200 10 Feb 1992 to 1200 22 Dec 1994 (index   378 to   587,  210 times)
 Depth (M):        1 QUALITY
 YYYYMMDD HHMM   SST Q
 19920210 1200 29.10 2
 19920215 1200 28.94 2
 19920220 1200 28.87 2
 19920225 1200 28.74 2
 19920301 1200 28.85 2
 19920307 1200 29.12 2
 19920312 1200 29.02 2
 19920317 1200 28.87 2
 19920322 1200 28.92 2
 19920327 1200 29.06 2
 19920401 1200 29.51 2
 19920406 1200 29.97 2
 19920411 1200 29.55 2
 19920416 1200 29.57 2
 19920421 1200 29.41 2
 19920426 1200 29.47 2
 19920501 1200 29.31 2
 19920506 1200 29.19 2
 19920511 1200 29.22 2
 19920516 1200 29.09 2
 19920521 1200 29.05 2
 19920526 1200 29.35 2
 19920531 1200 29.25 2
 19920605 1200 29.39 2
 19920610 1200 29.51 2
 19920615 1200 29.69 2
 19920620 1200 29.52 2
 19920625 1200 29.60 2
 19920630 1200 29.62 2
 19920705 1200 29.83 2
 19920710 1200 29.82 2
 19920715 1200 29.80 2
 19920720 1200 29.64 2
 19920725 1200 29.65 2
 19920730 1200 29.86 2
 19920804 1200 -9.99 0
 19920809 1200 -9.99 0
 19920814 1200 -9.99 0
 19920819 1200 -9.99 0
 19920824 1200 29.97 2
 19920829 1200 30.06 2
 19920903 1200 30.27 2
 19920908 1200 30.37 2
 19920913 1200 30.08 2
 19920918 1200 30.02 2
 19920923 1200 30.10 2
 19920928 1200 30.39 2
 19921003 1200 30.50 2
 19921008 1200 30.33 2
 19921013 1200 30.23 2
 19921018 1200 30.28 2
 19921023 1200 30.33 2
 19921028 1200 29.72 2
 19921102 1200 29.61 2
 19921107 1200 29.66 2
 19921112 1200 29.57 2
 19921117 1200 29.66 2
 19921122 1200 -9.99 0
 19921127 1200 -9.99 0
 19921202 1200 -9.99 0
 19921207 1200 -9.99 0
 19921212 1200 29.60 2
 19921217 1200 29.81 2
 19921222 1200 29.57 2
 19921227 1200 29.22 2
 19930101 1200 29.14 2
 19930106 1200 29.27 2
 19930111 1200 29.30 2
 19930116 1200 29.34 2
 19930121 1200 29.22 2
 19930126 1200 29.30 2
 19930131 1200 29.11 2
 19930205 1200 29.42 2
 19930210 1200 29.36 2
 19930215 1200 29.28 2
 19930220 1200 29.21 2
 19930225 1200 29.25 2
 19930302 1200 29.40 2
 19930307 1200 28.96 2
 19930312 1200 28.95 2
 19930317 1200 -9.99 0
 19930322 1200 -9.99 0
 19930327 1200 29.17 2
 19930401 1200 29.22 2
 19930406 1200 29.23 2
 19930411 1200 29.18 2
 19930416 1200 29.05 2
 19930421 1200 29.17 2
 19930426 1200 29.27 2
 19930501 1200 29.14 2
 19930506 1200 29.20 2
 19930511 1200 29.16 2
 19930516 1200 29.28 2
 19930521 1200 29.17 2
 19930526 1200 29.30 2
 19930531 1200 29.36 2
 19930605 1200 29.49 2
 19930610 1200 29.29 2
 19930615 1200 29.17 2
 19930620 1200 29.17 2
 19930625 1200 29.12 2
 19930630 1200 29.29 2
 19930705 1200 29.32 2
 19930710 1200 28.96 2
 19930715 1200 29.43 2
 19930720 1200 29.56 2
 19930725 1200 29.47 2
 19930730 1200 29.40 2
 19930804 1200 29.55 2
 19930809 1200 29.19 2
 19930814 1200 29.01 2
 19930819 1200 28.61 2
 19930824 1200 29.10 2
 19930829 1200 28.93 2
 19930903 1200 29.23 2
 19930908 1200 29.42 2
 19930913 1200 29.45 2
 19930918 1200 29.98 2
 19930923 1200 29.99 2
 19930928 1200 29.88 2
 19931003 1200 29.74 2
 19931008 1200 29.84 2
 19931013 1200 29.85 2
 19931018 1200 29.74 2
 19931023 1200 29.64 2
 19931028 1200 29.43 2
 19931102 1200 29.51 2
 19931107 1200 29.67 2
 19931112 1200 29.89 2
 19931117 1200 30.16 2
 19931122 1200 30.15 2
 19931127 1200 29.93 2
 19931202 1200 30.09 2
 19931207 1200 29.98 2
 19931212 1200 30.00 2
 19931217 1200 30.11 2
 19931222 1200 29.84 2
 19931227 1200 29.73 2
 19940101 1200 29.49 2
 19940106 1200 29.70 2
 19940111 1200 29.43 2
 19940116 1200 29.69 2
 19940121 1200 29.70 2
 19940126 1200 29.62 2
 19940131 1200 29.69 2
 19940205 1200 29.74 2
 19940210 1200 29.40 2
 19940215 1200 29.17 2
 19940220 1200 28.73 2
 19940225 1200 28.77 2
 19940302 1200 28.54 2
 19940307 1200 28.74 2
 19940312 1200 28.54 2
 19940317 1200 29.04 2
 19940322 1200 28.63 2
 19940327 1200 28.77 2
 19940401 1200 28.79 2
 19940406 1200 29.28 2
 19940411 1200 29.25 2
 19940416 1200 29.12 2
 19940421 1200 29.17 2
 19940426 1200 29.41 2
 19940501 1200 29.26 2
 19940506 1200 29.21 2
 19940511 1200 29.71 2
 19940516 1200 29.61 2
 19940521 1200 30.13 2
 19940526 1200 30.09 2
 19940531 1200 30.09 2
 19940605 1200 30.11 2
 19940610 1200 29.99 2
 19940615 1200 29.95 2
 19940620 1200 29.91 2
 19940625 1200 30.13 2
 19940630 1200 30.23 2
 19940705 1200 30.20 2
 19940710 1200 30.32 2
 19940715 1200 30.34 2
 19940720 1200 30.14 2
 19940725 1200 29.67 2
 19940730 1200 29.43 2
 19940804 1200 29.37 2
 19940809 1200 29.18 2
 19940814 1200 29.31 2
 19940819 1200 29.29 2
 19940824 1200 29.27 2
 19940829 1200 29.50 2
 19940903 1200 29.49 2
 19940908 1200 29.20 2
 19940913 1200 28.90 2
 19940918 1200 28.95 2
 19940923 1200 29.33 2
 19940928 1200 29.08 2
 19941003 1200 28.88 2
 19941008 1200 29.50 2
 19941013 1200 29.14 2
 19941018 1200 29.17 2
 19941023 1200 29.67 2
 19941028 1200 29.45 2
 19941102 1200 29.32 2
 19941107 1200 29.20 2
 19941112 1200 29.14 2
 19941117 1200 29.51 2
 19941122 1200 29.82 2
 19941127 1200 30.07 2
 19941202 1200 30.22 2
 19941207 1200 29.73 2
 19941212 1200 29.40 2
 19941217 1200 29.24 2
 19941222 1200 29.31 2
 Time: 1200  1 May 1995 to 1200 12 Mar 1996 (index   613 to   676,   64 times)
 Depth (M):        1 QUALITY
 YYYYMMDD HHMM   SST Q
 19950501 1200 29.66 2
 19950506 1200 29.63 2
 19950511 1200 29.69 2
 19950516 1200 29.96 2
 19950521 1200 30.02 2
 19950526 1200 29.91 2
 19950531 1200 29.79 2
 19950605 1200 29.90 2
 19950610 1200 29.90 2
 19950615 1200 29.67 2
 19950620 1200 29.71 2
 19950625 1200 29.67 2
 19950630 1200 29.72 2
 19950705 1200 29.47 2
 19950710 1200 29.49 2
 19950715 1200 29.54 2
 19950720 1200 29.55 2
 19950725 1200 29.45 2
 19950730 1200 29.19 2
 19950804 1200 28.70 2
 19950809 1200 28.52 2
 19950814 1200 28.60 2
 19950819 1200 28.59 2
 19950824 1200 28.51 2
 19950829 1200 28.56 2
 19950903 1200 28.04 2
 19950908 1200 28.28 2
 19950913 1200 28.46 2
 19950918 1200 28.31 2
 19950923 1200 28.43 2
 19950928 1200 28.43 2
 19951003 1200 28.09 2
 19951008 1200 28.63 2
 19951013 1200 28.57 2
 19951018 1200 28.68 2
 19951023 1200 28.79 2
 19951028 1200 28.72 2
 19951102 1200 28.17 2
 19951107 1200 28.06 2
 19951112 1200 28.46 2
 19951117 1200 28.58 2
 19951122 1200 28.59 2
 19951127 1200 28.82 2
 19951202 1200 29.13 2
 19951207 1200 29.40 2
 19951212 1200 29.53 2
 19951217 1200 30.09 2
 19951222 1200 30.42 2
 19951227 1200 30.30 2
 19960101 1200 30.47 2
 19960106 1200 30.51 2
 19960111 1200 30.56 2
 19960116 1200 30.43 2
 19960121 1200 30.42 2
 19960126 1200 30.24 2
 19960131 1200 30.12 2
 19960205 1200 29.42 2
 19960210 1200 29.16 2
 19960215 1200 29.19 2
 19960220 1200 29.19 2
 19960225 1200 29.08 2
 19960301 1200 29.15 2
 19960307 1200 29.10 2
 19960312 1200 29.61 2
 Time: 1200 15 Jul 1996 to 1200 18 Oct 1999 (index   701 to   939,  239 times)
 Depth (M):        1 QUALITY
 YYYYMMDD HHMM   SST Q
 19960715 1200 28.54 2
 19960720 1200 28.56 2
 19960725 1200 28.92 2
 19960730 1200 29.41 2
 19960804 1200 29.10 2
 19960809 1200 29.18 2
 19960814 1200 29.17 2
 19960819 1200 29.06 2
 19960824 1200 28.91 2
 19960829 1200 28.93 2
 19960903 1200 28.97 2
 19960908 1200 28.89 2
 19960913 1200 28.80 2
 19960918 1200 29.50 2
 19960923 1200 29.73 2
 19960928 1200 29.00 2
 19961003 1200 28.88 2
 19961008 1200 28.93 2
 19961013 1200 28.61 2
 19961018 1200 28.82 2
 19961023 1200 28.63 2
 19961028 1200 28.76 2
 19961102 1200 28.99 2
 19961107 1200 28.80 2
 19961112 1200 28.82 2
 19961117 1200 29.25 2
 19961122 1200 29.31 2
 19961127 1200 29.23 2
 19961202 1200 29.36 2
 19961207 1200 29.81 2
 19961212 1200 30.12 2
 19961217 1200 29.91 2
 19961222 1200 29.84 2
 19961227 1200 29.82 2
 19970101 1200 29.84 2
 19970106 1200 29.79 2
 19970111 1200 29.86 2
 19970116 1200 29.73 2
 19970121 1200 29.95 2
 19970126 1200 29.91 2
 19970131 1200 29.74 2
 19970205 1200 29.74 2
 19970210 1200 29.87 2
 19970215 1200 29.95 2
 19970220 1200 29.90 2
 19970225 1200 29.82 2
 19970302 1200 29.51 2
 19970307 1200 29.87 2
 19970312 1200 29.99 2
 19970317 1200 29.97 2
 19970322 1200 30.12 2
 19970327 1200 30.13 2
 19970401 1200 29.98 2
 19970406 1200 30.01 2
 19970411 1200 29.88 2
 19970416 1200 29.63 2
 19970421 1200 29.54 2
 19970426 1200 29.48 2
 19970501 1200 29.47 2
 19970506 1200 29.37 2
 19970511 1200 29.59 2
 19970516 1200 29.67 2
 19970521 1200 29.66 2
 19970526 1200 29.27 2
 19970531 1200 29.39 2
 19970605 1200 29.20 2
 19970610 1200 29.16 2
 19970615 1200 29.21 2
 19970620 1200 29.36 2
 19970625 1200 29.56 2
 19970630 1200 29.69 2
 19970705 1200 29.65 2
 19970710 1200 29.62 2
 19970715 1200 29.47 2
 19970720 1200 29.43 2
 19970725 1200 29.20 2
 19970730 1200 28.87 2
 19970804 1200 28.63 2
 19970809 1200 28.75 2
 19970814 1200 28.63 2
 19970819 1200 28.66 2
 19970824 1200 28.95 2
 19970829 1200 29.01 2
 19970903 1200 28.76 2
 19970908 1200 28.60 2
 19970913 1200 28.57 2
 19970918 1200 28.93 2
 19970923 1200 29.22 2
 19970928 1200 29.18 2
 19971003 1200 28.82 2
 19971008 1200 28.79 2
 19971013 1200 28.74 2
 19971018 1200 29.39 2
 19971023 1200 29.08 2
 19971028 1200 28.61 2
 19971102 1200 28.68 2
 19971107 1200 29.08 2
 19971112 1200 29.40 2
 19971117 1200 29.79 2
 19971122 1200 29.83 2
 19971127 1200 29.91 2
 19971202 1200 29.72 2
 19971207 1200 29.52 2
 19971212 1200 29.40 2
 19971217 1200 29.29 2
 19971222 1200 29.34 2
 19971227 1200 29.10 2
 19980101 1200 29.05 2
 19980106 1200 28.93 2
 19980111 1200 28.97 2
 19980116 1200 29.05 2
 19980121 1200 28.30 2
 19980126 1200 28.05 2
 19980131 1200 28.24 2
 19980205 1200 28.75 2
 19980210 1200 28.31 2
 19980215 1200 28.69 2
 19980220 1200 28.23 2
 19980225 1200 28.25 2
 19980302 1200 28.07 2
 19980307 1200 28.59 2
 19980312 1200 28.80 2
 19980317 1200 28.27 2
 19980322 1200 28.21 2
 19980327 1200 27.61 2
 19980401 1200 27.42 2
 19980406 1200 27.65 2
 19980411 1200 27.62 2
 19980416 1200 28.41 2
 19980421 1200 27.67 2
 19980426 1200 27.44 2
 19980501 1200 27.58 2
 19980506 1200 27.44 2
 19980511 1200 27.69 2
 19980516 1200 27.53 2
 19980521 1200 27.80 2
 19980526 1200 28.31 2
 19980531 1200 28.12 2
 19980605 1200 27.86 2
 19980610 1200 28.22 2
 19980615 1200 28.49 2
 19980620 1200 28.49 2
 19980625 1200 28.64 2
 19980630 1200 28.91 2
 19980705 1200 28.80 2
 19980710 1200 28.82 2
 19980715 1200 28.80 1
 19980720 1200 28.57 1
 19980725 1200 28.28 1
 19980730 1200 28.18 1
 19980804 1200 28.35 1
 19980809 1200 28.32 1
 19980814 1200 28.25 1
 19980819 1200 28.31 1
 19980824 1200 28.53 1
 19980829 1200 28.57 1
 19980903 1200 28.51 1
 19980908 1200 28.60 1
 19980913 1200 28.22 1
 19980918 1200 28.54 1
 19980923 1200 28.39 1
 19980928 1200 28.13 1
 19981003 1200 27.99 1
 19981008 1200 27.77 1
 19981013 1200 27.71 1
 19981018 1200 28.01 1
 19981023 1200 27.53 1
 19981028 1200 27.37 1
 19981102 1200 27.57 1
 19981107 1200 27.75 1
 19981112 1200 27.65 1
 19981117 1200 27.68 1
 19981122 1200 28.28 1
 19981127 1200 28.52 1
 19981202 1200 28.84 1
 19981207 1200 29.09 1
 19981212 1200 28.82 1
 19981217 1200 28.76 1
 19981222 1200 28.46 1
 19981227 1200 28.22 1
 19990101 1200 28.03 1
 19990106 1200 28.06 1
 19990111 1200 29.07 1
 19990116 1200 28.67 1
 19990121 1200 27.74 1
 19990126 1200 26.80 1
 19990131 1200 26.30 1
 19990205 1200 27.29 1
 19990210 1200 27.42 1
 19990215 1200 27.08 1
 19990220 1200 26.71 1
 19990225 1200 26.76 1
 19990302 1200 27.04 1
 19990307 1200 26.76 1
 19990312 1200 26.83 1
 19990317 1200 27.20 1
 19990322 1200 27.40 1
 19990327 1200 27.57 1
 19990401 1200 27.70 1
 19990406 1200 27.50 1
 19990411 1200 27.64 1
 19990416 1200 27.53 1
 19990421 1200 27.21 1
 19990426 1200 27.27 1
 19990501 1200 27.56 1
 19990506 1200 28.04 1
 19990511 1200 28.36 1
 19990516 1200 28.28 1
 19990521 1200 28.33 1
 19990526 1200 28.25 1
 19990531 1200 28.40 1
 19990605 1200 28.49 1
 19990610 1200 28.79 1
 19990615 1200 28.71 1
 19990620 1200 28.83 1
 19990625 1200 28.93 1
 19990630 1200 28.93 1
 19990705 1200 29.00 1
 19990710 1200 28.74 1
 19990715 1200 28.92 1
 19990720 1200 28.88 1
 19990725 1200 29.04 1
 19990730 1200 29.02 1
 19990804 1200 29.05 1
 19990809 1200 29.07 1
 19990814 1200 29.02 1
 19990819 1200 29.03 1
 19990824 1200 28.65 1
 19990829 1200 28.31 1
 19990903 1200 28.57 1
 19990908 1200 28.38 1
 19990913 1200 28.23 1
 19990918 1200 28.42 1
 19990923 1200 28.43 1
 19990928 1200 28.44 1
 19991003 1200 28.60 1
 19991008 1200 28.34 1
 19991013 1200 28.55 1
 19991018 1200 28.52 1
 Time: 1200 25 Jul 2000 to 1200  6 Apr 2001 (index   995 to  1046,   52 times)
 Depth (M):        1 QUALITY
 YYYYMMDD HHMM   SST Q
 20000725 1200 29.36 1
 20000730 1200 29.42 1
 20000804 1200 29.61 1
 20000809 1200 29.48 1
 20000814 1200 29.33 1
 20000819 1200 29.20 1
 20000824 1200 29.08 1
 20000829 1200 29.34 1
 20000903 1200 29.50 1
 20000908 1200 29.57 1
 20000913 1200 30.01 1
 20000918 1200 30.03 1
 20000923 1200 29.61 1
 20000928 1200 29.60 1
 20001003 1200 29.20 1
 20001008 1200 29.23 1
 20001013 1200 29.12 1
 20001018 1200 29.01 1
 20001023 1200 29.34 1
 20001028 1200 29.13 1
 20001102 1200 29.37 1
 20001107 1200 28.76 1
 20001112 1200 29.11 1
 20001117 1200 28.84 1
 20001122 1200 29.31 2
 20001127 1200 29.05 2
 20001202 1200 28.71 2
 20001207 1200 28.61 2
 20001212 1200 29.13 2
 20001217 1200 28.98 2
 20001222 1200 29.03 2
 20001227 1200 29.16 2
 20010101 1200 29.26 2
 20010106 1200 29.43 2
 20010111 1200 28.90 2
 20010116 1200 29.02 2
 20010121 1200 28.80 2
 20010126 1200 28.38 2
 20010131 1200 28.45 2
 20010205 1200 28.31 2
 20010210 1200 28.17 2
 20010215 1200 27.94 2
 20010220 1200 27.76 2
 20010225 1200 28.11 2
 20010302 1200 28.33 2
 20010307 1200 28.41 2
 20010312 1200 28.35 2
 20010317 1200 28.45 2
 20010322 1200 28.56 2
 20010327 1200 28.82 2
 20010401 1200 28.67 2
 20010406 1200 28.81 2
 Time: 1200 10 Jul 2001 to 1200 27 Dec 2002 (index  1065 to  1172,  108 times)
 Depth (M):        1 QUALITY
 YYYYMMDD HHMM   SST Q
 20010710 1200 29.70 1
 20010715 1200 29.87 1
 20010720 1200 29.85 1
 20010725 1200 29.74 1
 20010730 1200 29.69 1
 20010804 1200 29.71 1
 20010809 1200 29.71 1
 20010814 1200 29.68 1
 20010819 1200 29.50 1
 20010824 1200 29.59 1
 20010829 1200 30.01 1
 20010903 1200 30.04 1
 20010908 1200 30.11 1
 20010913 1200 30.32 1
 20010918 1200 30.43 1
 20010923 1200 30.38 1
 20010928 1200 30.38 1
 20011003 1200 30.36 1
 20011008 1200 30.23 1
 20011013 1200 30.30 1
 20011018 1200 30.19 1
 20011023 1200 30.19 1
 20011028 1200 30.11 1
 20011102 1200 30.01 1
 20011107 1200 30.35 1
 20011112 1200 30.57 1
 20011117 1200 30.21 1
 20011122 1200 30.30 1
 20011127 1200 30.40 1
 20011202 1200 30.01 1
 20011207 1200 29.91 1
 20011212 1200 30.10 1
 20011217 1200 29.87 1
 20011222 1200 29.75 1
 20011227 1200 29.83 1
 20020101 1200 29.66 1
 20020106 1200 29.48 1
 20020111 1200 29.85 1
 20020116 1200 30.12 1
 20020121 1200 29.75 1
 20020126 1200 29.61 1
 20020131 1200 29.58 1
 20020205 1200 29.76 1
 20020210 1200 30.10 1
 20020215 1200 29.66 1
 20020220 1200 29.81 1
 20020225 1200 29.79 1
 20020302 1200 29.50 1
 20020307 1200 29.67 1
 20020312 1200 29.65 1
 20020317 1200 29.75 1
 20020322 1200 29.80 1
 20020327 1200 29.77 1
 20020401 1200 29.72 1
 20020406 1200 29.85 1
 20020411 1200 29.85 1
 20020416 1200 29.57 1
 20020421 1200 29.96 1
 20020426 1200 30.25 1
 20020501 1200 30.26 1
 20020506 1200 30.28 1
 20020511 1200 30.20 1
 20020516 1200 30.02 1
 20020521 1200 29.96 1
 20020526 1200 30.18 1
 20020531 1200 30.19 1
 20020605 1200 30.10 1
 20020610 1200 30.02 1
 20020615 1200 30.00 1
 20020620 1200 29.89 1
 20020625 1200 29.84 1
 20020630 1200 29.67 1
 20020705 1200 29.28 1
 20020710 1200 29.76 2
 20020715 1200 29.77 2
 20020720 1200 29.54 2
 20020725 1200 29.28 2
 20020730 1200 29.16 2
 20020804 1200 29.33 2
 20020809 1200 29.27 2
 20020814 1200 29.30 2
 20020819 1200 29.26 2
 20020824 1200 29.50 2
 20020829 1200 29.58 2
 20020903 1200 29.18 2
 20020908 1200 29.26 2
 20020913 1200 29.23 2
 20020918 1200 29.47 2
 20020923 1200 29.27 2
 20020928 1200 29.31 2
 20021003 1200 29.11 2
 20021008 1200 29.02 2
 20021013 1200 28.75 2
 20021018 1200 29.20 2
 20021023 1200 29.44 2
 20021028 1200 29.32 2
 20021102 1200 29.72 2
 20021107 1200 30.11 2
 20021112 1200 30.25 2
 20021117 1200 30.09 2
 20021122 1200 30.06 2
 20021127 1200 29.72 2
 20021202 1200 29.18 2
 20021207 1200 29.31 2
 20021212 1200 29.26 2
 20021217 1200 29.30 2
 20021222 1200 29.64 2
 20021227 1200 29.72 2
 Time: 1200 15 Jul 2003 to 1200 16 Apr 2008 (index  1212 to  1559,  348 times)
 Depth (M):        1 QUALITY
 YYYYMMDD HHMM   SST Q
 20030715 1200 30.07 1
 20030720 1200 30.07 1
 20030725 1200 30.30 1
 20030730 1200 30.26 1
 20030804 1200 30.18 1
 20030809 1200 30.20 1
 20030814 1200 30.35 1
 20030819 1200 30.43 1
 20030824 1200 30.35 1
 20030829 1200 30.63 1
 20030903 1200 30.40 1
 20030908 1200 30.36 1
 20030913 1200 30.39 1
 20030918 1200 30.45 1
 20030923 1200 30.59 1
 20030928 1200 30.58 1
 20031003 1200 30.39 1
 20031008 1200 30.24 1
 20031013 1200 30.25 1
 20031018 1200 30.28 1
 20031023 1200 30.28 1
 20031028 1200 30.16 1
 20031102 1200 30.14 1
 20031107 1200 30.42 1
 20031112 1200 30.87 1
 20031117 1200 30.66 1
 20031122 1200 30.43 1
 20031127 1200 30.45 1
 20031202 1200 30.28 1
 20031207 1200 30.47 1
 20031212 1200 30.70 1
 20031217 1200 30.37 1
 20031222 1200 30.39 1
 20031227 1200 30.57 1
 20040101 1200 30.19 1
 20040106 1200 30.13 1
 20040111 1200 30.14 1
 20040116 1200 30.09 1
 20040121 1200 30.06 1
 20040126 1200 30.07 1
 20040131 1200 30.23 1
 20040205 1200 29.96 1
 20040210 1200 30.14 1
 20040215 1200 30.23 1
 20040220 1200 30.24 1
 20040225 1200 30.14 1
 20040301 1200 29.98 1
 20040307 1200 29.69 1
 20040312 1200 29.52 1
 20040317 1200 29.17 1
 20040322 1200 29.06 1
 20040327 1200 28.89 1
 20040401 1200 29.39 1
 20040406 1200 29.55 1
 20040411 1200 29.60 1
 20040416 1200 29.82 1
 20040421 1200 29.83 1
 20040426 1200 29.86 1
 20040501 1200 29.94 1
 20040506 1200 29.92 1
 20040511 1200 29.89 1
 20040516 1200 30.06 1
 20040521 1200 30.14 1
 20040526 1200 30.27 1
 20040531 1200 30.32 1
 20040605 1200 30.06 1
 20040610 1200 30.26 1
 20040615 1200 30.23 1
 20040620 1200 29.97 1
 20040625 1200 29.63 1
 20040630 1200 29.55 1
 20040705 1200 -9.99 0
 20040710 1200 -9.99 0
 20040715 1200 -9.99 0
 20040720 1200 -9.99 0
 20040725 1200 29.86 1
 20040730 1200 29.83 1
 20040804 1200 29.93 1
 20040809 1200 29.81 1
 20040814 1200 29.47 1
 20040819 1200 29.30 1
 20040824 1200 29.62 1
 20040829 1200 29.80 1
 20040903 1200 30.07 1
 20040908 1200 29.92 1
 20040913 1200 30.44 1
 20040918 1200 30.43 1
 20040923 1200 30.20 1
 20040928 1200 30.05 1
 20041003 1200 30.54 1
 20041008 1200 30.38 1
 20041013 1200 30.31 1
 20041018 1200 30.53 1
 20041023 1200 30.44 1
 20041028 1200 30.16 1
 20041102 1200 30.23 1
 20041107 1200 30.10 1
 20041112 1200 30.11 1
 20041117 1200 30.37 1
 20041122 1200 30.53 1
 20041127 1200 30.39 2
 20041202 1200 30.27 2
 20041207 1200 30.10 2
 20041212 1200 29.86 2
 20041217 1200 29.97 2
 20041222 1200 30.22 2
 20041227 1200 30.46 2
 20050101 1200 30.19 2
 20050106 1200 30.21 2
 20050111 1200 30.18 2
 20050116 1200 30.13 2
 20050121 1200 30.50 2
 20050126 1200 30.46 2
 20050131 1200 30.14 2
 20050205 1200 30.07 2
 20050210 1200 30.00 2
 20050215 1200 30.15 2
 20050220 1200 30.02 2
 20050225 1200 29.93 2
 20050302 1200 29.96 2
 20050307 1200 29.75 2
 20050312 1200 29.71 2
 20050317 1200 29.75 2
 20050322 1200 29.76 2
 20050327 1200 29.80 2
 20050401 1200 29.64 2
 20050406 1200 29.83 2
 20050411 1200 29.62 2
 20050416 1200 29.72 2
 20050421 1200 29.41 2
 20050426 1200 29.51 2
 20050501 1200 29.78 2
 20050506 1200 29.64 2
 20050511 1200 29.77 2
 20050516 1200 29.76 2
 20050521 1200 29.70 2
 20050526 1200 29.67 2
 20050531 1200 30.08 2
 20050605 1200 29.92 2
 20050610 1200 30.02 2
 20050615 1200 30.13 2
 20050620 1200 30.16 2
 20050625 1200 30.04 2
 20050630 1200 30.18 2
 20050705 1200 30.31 2
 20050710 1200 30.27 2
 20050715 1200 30.03 2
 20050720 1200 30.05 4
 20050725 1200 30.28 4
 20050730 1200 30.25 4
 20050804 1200 30.22 4
 20050809 1200 30.13 4
 20050814 1200 29.99 4
 20050819 1200 30.16 4
 20050824 1200 30.10 4
 20050829 1200 30.14 4
 20050903 1200 30.21 4
 20050908 1200 30.05 4
 20050913 1200 30.07 4
 20050918 1200 29.95 4
 20050923 1200 30.03 4
 20050928 1200 29.87 4
 20051003 1200 30.35 4
 20051008 1200 30.13 4
 20051013 1200 30.14 4
 20051018 1200 30.29 4
 20051023 1200 29.90 4
 20051028 1200 29.81 4
 20051102 1200 29.67 4
 20051107 1200 29.70 4
 20051112 1200 29.98 4
 20051117 1200 29.89 4
 20051122 1200 29.82 4
 20051127 1200 29.92 4
 20051202 1200 30.03 4
 20051207 1200 30.00 4
 20051212 1200 29.92 4
 20051217 1200 29.67 4
 20051222 1200 29.46 4
 20051227 1200 29.49 4
 20060101 1200 29.55 4
 20060106 1200 29.60 4
 20060111 1200 29.58 4
 20060116 1200 29.41 4
 20060121 1200 28.96 4
 20060126 1200 28.68 4
 20060131 1200 28.68 4
 20060205 1200 28.45 4
 20060210 1200 28.37 4
 20060215 1200 28.03 4
 20060220 1200 27.96 4
 20060225 1200 28.34 4
 20060302 1200 28.38 4
 20060307 1200 28.53 4
 20060312 1200 28.91 4
 20060317 1200 28.97 4
 20060322 1200 28.65 4
 20060327 1200 28.82 4
 20060401 1200 28.55 4
 20060406 1200 28.75 4
 20060411 1200 28.95 4
 20060416 1200 29.04 4
 20060421 1200 29.22 4
 20060426 1200 29.08 4
 20060501 1200 28.99 4
 20060506 1200 29.25 4
 20060511 1200 29.70 4
 20060516 1200 30.05 4
 20060521 1200 29.72 4
 20060526 1200 29.68 4
 20060531 1200 30.07 4
 20060605 1200 30.09 4
 20060610 1200 30.07 4
 20060615 1200 30.41 4
 20060620 1200 30.35 4
 20060625 1200 30.05 4
 20060630 1200 29.93 4
 20060705 1200 30.01 4
 20060710 1200 30.12 4
 20060715 1200 29.77 1
 20060720 1200 29.90 1
 20060725 1200 29.90 1
 20060730 1200 29.80 1
 20060804 1200 30.00 1
 20060809 1200 29.83 1
 20060814 1200 29.56 1
 20060819 1200 29.45 1
 20060824 1200 29.46 1
 20060829 1200 29.70 1
 20060903 1200 30.10 1
 20060908 1200 30.06 1
 20060913 1200 30.02 1
 20060918 1200 30.35 1
 20060923 1200 30.19 1
 20060928 1200 30.15 1
 20061003 1200 29.78 1
 20061008 1200 29.71 1
 20061013 1200 29.56 1
 20061018 1200 29.39 1
 20061023 1200 29.35 1
 20061028 1200 29.46 1
 20061102 1200 29.29 1
 20061107 1200 29.51 1
 20061112 1200 29.46 1
 20061117 1200 29.76 1
 20061122 1200 29.66 1
 20061127 1200 29.80 1
 20061202 1200 29.70 1
 20061207 1200 29.91 1
 20061212 1200 29.97 1
 20061217 1200 29.79 1
 20061222 1200 29.79 1
 20061227 1200 29.85 1
 20070101 1200 29.96 1
 20070106 1200 30.14 1
 20070111 1200 30.00 1
 20070116 1200 30.00 1
 20070121 1200 30.13 1
 20070126 1200 29.99 1
 20070131 1200 29.85 1
 20070205 1200 29.64 1
 20070210 1200 29.79 1
 20070215 1200 29.85 1
 20070220 1200 29.78 1
 20070225 1200 29.83 1
 20070302 1200 30.07 1
 20070307 1200 29.95 1
 20070312 1200 29.87 1
 20070317 1200 29.59 1
 20070322 1200 29.26 1
 20070327 1200 29.31 1
 20070401 1200 29.36 1
 20070406 1200 29.44 1
 20070411 1200 29.55 1
 20070416 1200 29.44 1
 20070421 1200 29.47 1
 20070426 1200 29.56 1
 20070501 1200 29.39 1
 20070506 1200 29.39 1
 20070511 1200 29.76 1
 20070516 1200 29.61 1
 20070521 1200 29.79 1
 20070526 1200 30.06 1
 20070531 1200 29.96 1
 20070605 1200 29.77 1
 20070610 1200 29.73 1
 20070615 1200 29.96 1
 20070620 1200 29.75 1
 20070625 1200 29.80 1
 20070630 1200 29.63 1
 20070705 1200 29.59 1
 20070710 1200 29.64 1
 20070715 1200 29.51 1
 20070720 1200 29.82 1
 20070725 1200 29.63 1
 20070730 1200 29.62 1
 20070804 1200 29.60 1
 20070809 1200 29.72 1
 20070814 1200 29.57 1
 20070819 1200 29.68 1
 20070824 1200 29.86 1
 20070829 1200 29.76 1
 20070903 1200 29.71 1
 20070908 1200 29.39 1
 20070913 1200 29.13 1
 20070918 1200 29.06 1
 20070923 1200 29.34 1
 20070928 1200 29.01 1
 20071003 1200 28.86 1
 20071008 1200 28.94 1
 20071013 1200 28.96 1
 20071018 1200 29.18 1
 20071023 1200 28.59 1
 20071028 1200 28.30 1
 20071102 1200 28.08 1
 20071107 1200 28.19 1
 20071112 1200 28.10 1
 20071117 1200 28.06 1
 20071122 1200 27.95 1
 20071127 1200 28.20 1
 20071202 1200 28.90 1
 20071207 1200 28.81 1
 20071212 1200 28.62 1
 20071217 1200 28.60 1
 20071222 1200 28.21 1
 20071227 1200 28.08 1
 20080101 1200 27.75 1
 20080106 1200 27.94 1
 20080111 1200 27.69 1
 20080116 1200 27.87 1
 20080121 1200 28.10 1
 20080126 1200 27.77 1
 20080131 1200 27.63 1
 20080205 1200 27.63 1
 20080210 1200 27.07 1
 20080215 1200 27.23 1
 20080220 1200 27.49 1
 20080225 1200 26.85 1
 20080301 1200 27.01 1
 20080307 1200 27.23 1
 20080312 1200 27.25 1
 20080317 1200 27.25 2
 20080322 1200 27.05 2
 20080327 1200 -9.99 0
 20080401 1200 -9.99 0
 20080406 1200 27.85 2
 20080411 1200 27.74 2
 20080416 1200 27.74 2
 Time: 1200 13 Sep 2008 to 1200 22 Nov 2011 (index  1589 to  1822,  234 times)
 Depth (M):        1 QUALITY
 YYYYMMDD HHMM   SST Q
 20080913 1200 28.73 4
 20080918 1200 28.86 4
 20080923 1200 28.97 4
 20080928 1200 29.42 4
 20081003 1200 29.09 4
 20081008 1200 29.23 4
 20081013 1200 28.89 4
 20081018 1200 28.64 4
 20081023 1200 28.69 4
 20081028 1200 28.79 4
 20081102 1200 28.55 4
 20081107 1200 28.59 4
 20081112 1200 28.33 4
 20081117 1200 28.24 4
 20081122 1200 28.31 4
 20081127 1200 28.28 4
 20081202 1200 28.67 4
 20081207 1200 28.82 4
 20081212 1200 28.23 4
 20081217 1200 28.59 4
 20081222 1200 28.84 4
 20081227 1200 28.69 4
 20090101 1200 28.54 4
 20090106 1200 28.69 4
 20090111 1200 28.62 4
 20090116 1200 28.69 4
 20090121 1200 28.68 4
 20090126 1200 28.65 4
 20090131 1200 28.55 4
 20090205 1200 28.24 4
 20090210 1200 28.16 4
 20090215 1200 28.26 4
 20090220 1200 28.08 4
 20090225 1200 28.02 4
 20090302 1200 27.90 4
 20090307 1200 27.89 4
 20090312 1200 28.10 4
 20090317 1200 28.09 4
 20090322 1200 28.39 4
 20090327 1200 28.85 4
 20090401 1200 28.84 4
 20090406 1200 28.96 4
 20090411 1200 28.95 4
 20090416 1200 28.99 4
 20090421 1200 28.79 4
 20090426 1200 29.34 4
 20090501 1200 29.50 4
 20090506 1200 29.62 4
 20090511 1200 29.66 4
 20090516 1200 29.63 4
 20090521 1200 29.61 4
 20090526 1200 29.45 4
 20090531 1200 29.70 4
 20090605 1200 29.73 4
 20090610 1200 29.89 4
 20090615 1200 29.88 4
 20090620 1200 29.90 4
 20090625 1200 29.82 4
 20090630 1200 29.96 4
 20090705 1200 29.88 4
 20090710 1200 29.77 4
 20090715 1200 29.78 4
 20090720 1200 29.71 4
 20090725 1200 29.84 4
 20090730 1200 29.63 4
 20090804 1200 29.64 4
 20090809 1200 29.91 4
 20090814 1200 29.83 4
 20090819 1200 29.83 4
 20090824 1200 29.94 4
 20090829 1200 30.31 4
 20090903 1200 30.10 4
 20090908 1200 30.46 4
 20090913 1200 30.20 4
 20090918 1200 30.32 4
 20090923 1200 30.27 4
 20090928 1200 29.64 4
 20091003 1200 29.56 4
 20091008 1200 29.65 4
 20091013 1200 30.24 4
 20091018 1200 30.22 4
 20091023 1200 29.51 4
 20091028 1200 29.47 4
 20091102 1200 29.74 4
 20091107 1200 29.81 4
 20091112 1200 30.17 4
 20091117 1200 30.00 4
 20091122 1200 30.11 4
 20091127 1200 29.87 4
 20091202 1200 29.65 4
 20091207 1200 29.30 4
 20091212 1200 29.52 4
 20091217 1200 29.37 4
 20091222 1200 29.52 4
 20091227 1200 29.56 4
 20100101 1200 29.45 4
 20100106 1200 29.54 4
 20100111 1200 29.37 4
 20100116 1200 29.17 4
 20100121 1200 29.22 4
 20100126 1200 29.50 4
 20100131 1200 29.55 4
 20100205 1200 29.34 4
 20100210 1200 29.30 4
 20100215 1200 29.32 4
 20100220 1200 29.37 4
 20100225 1200 29.41 1
 20100302 1200 29.63 1
 20100307 1200 29.78 1
 20100312 1200 29.89 1
 20100317 1200 29.78 1
 20100322 1200 29.59 1
 20100327 1200 29.37 1
 20100401 1200 29.61 1
 20100406 1200 29.86 1
 20100411 1200 29.76 1
 20100416 1200 29.37 1
 20100421 1200 29.21 1
 20100426 1200 29.80 1
 20100501 1200 29.45 1
 20100506 1200 29.24 1
 20100511 1200 29.29 1
 20100516 1200 29.51 1
 20100521 1200 29.48 1
 20100526 1200 29.34 1
 20100531 1200 28.97 1
 20100605 1200 28.92 1
 20100610 1200 29.09 1
 20100615 1200 28.92 1
 20100620 1200 28.86 1
 20100625 1200 28.96 1
 20100630 1200 28.59 1
 20100705 1200 28.49 1
 20100710 1200 28.77 1
 20100715 1200 28.61 1
 20100720 1200 28.23 1
 20100725 1200 28.35 1
 20100730 1200 28.03 1
 20100804 1200 27.94 1
 20100809 1200 27.63 1
 20100814 1200 28.14 1
 20100819 1200 28.05 1
 20100824 1200 28.05 1
 20100829 1200 28.23 1
 20100903 1200 28.11 1
 20100908 1200 27.90 1
 20100913 1200 27.84 1
 20100918 1200 27.94 1
 20100923 1200 28.08 1
 20100928 1200 27.91 1
 20101003 1200 27.97 1
 20101008 1200 27.79 1
 20101013 1200 27.73 1
 20101018 1200 27.89 1
 20101023 1200 27.99 1
 20101028 1200 27.90 1
 20101102 1200 27.90 1
 20101107 1200 27.82 1
 20101112 1200 28.64 1
 20101117 1200 28.51 1
 20101122 1200 28.06 1
 20101127 1200 27.77 1
 20101202 1200 27.62 1
 20101207 1200 27.52 1
 20101212 1200 27.48 1
 20101217 1200 27.69 1
 20101222 1200 27.70 1
 20101227 1200 27.39 1
 20110101 1200 27.35 1
 20110106 1200 27.77 1
 20110111 1200 27.83 1
 20110116 1200 27.36 1
 20110121 1200 27.98 1
 20110126 1200 28.39 1
 20110131 1200 28.06 1
 20110205 1200 27.58 1
 20110210 1200 27.67 1
 20110215 1200 28.12 1
 20110220 1200 28.12 1
 20110225 1200 27.95 1
 20110302 1200 27.90 4
 20110307 1200 28.01 4
 20110312 1200 28.03 4
 20110317 1200 27.95 4
 20110322 1200 28.04 4
 20110327 1200 28.03 4
 20110401 1200 28.08 4
 20110406 1200 28.27 4
 20110411 1200 28.89 4
 20110416 1200 28.85 4
 20110421 1200 28.90 4
 20110426 1200 28.77 4
 20110501 1200 28.72 4
 20110506 1200 28.75 4
 20110511 1200 28.96 4
 20110516 1200 29.14 4
 20110521 1200 29.07 4
 20110526 1200 29.05 4
 20110531 1200 29.11 4
 20110605 1200 29.10 4
 20110610 1200 29.09 4
 20110615 1200 29.03 4
 20110620 1200 28.93 4
 20110625 1200 29.08 4
 20110630 1200 29.36 4
 20110705 1200 29.48 4
 20110710 1200 29.46 4
 20110715 1200 29.34 4
 20110720 1200 28.99 4
 20110725 1200 29.21 4
 20110730 1200 29.51 4
 20110804 1200 29.65 4
 20110809 1200 29.79 4
 20110814 1200 29.83 4
 20110819 1200 29.89 4
 20110824 1200 29.67 4
 20110829 1200 29.54 4
 20110903 1200 29.32 4
 20110908 1200 29.31 4
 20110913 1200 29.19 4
 20110918 1200 29.01 4
 20110923 1200 28.67 4
 20110928 1200 28.31 4
 20111003 1200 28.23 4
 20111008 1200 28.38 4
 20111013 1200 28.67 4
 20111018 1200 29.20 4
 20111023 1200 29.00 4
 20111028 1200 28.81 4
 20111102 1200 28.51 4
 20111107 1200 28.76 4
 20111112 1200 29.04 4
 20111117 1200 29.34 2
 20111122 1200 29.08 2
 Time: 1200 19 Aug 2013 to 1200 24 Aug 2013 (index  1949 to  1950,    2 times)
 Depth (M):        1 QUALITY
 YYYYMMDD HHMM   SST Q
 20130819 1200 29.81 2
 20130824 1200 29.47 2
 Time: 1200 28 Oct 2014 to 1200 10 Jun 2018 (index  2036 to  2300,  265 times)
 Depth (M):        1 QUALITY
 YYYYMMDD HHMM   SST Q
 20141028 1200 30.69 2
 20141102 1200 30.76 2
 20141107 1200 30.76 2
 20141112 1200 30.79 2
 20141117 1200 30.86 2
 20141122 1200 31.04 2
 20141127 1200 30.84 2
 20141202 1200 30.91 2
 20141207 1200 30.81 2
 20141212 1200 30.77 2
 20141217 1200 30.61 2
 20141222 1200 30.71 2
 20141227 1200 30.56 2
 20150101 1200 30.46 2
 20150106 1200 30.43 2
 20150111 1200 30.32 2
 20150116 1200 30.43 2
 20150121 1200 30.55 2
 20150126 1200 30.35 2
 20150131 1200 30.47 2
 20150205 1200 30.10 2
 20150210 1200 30.15 2
 20150215 1200 30.05 2
 20150220 1200 30.19 2
 20150225 1200 30.59 2
 20150302 1200 30.20 2
 20150307 1200 29.87 2
 20150312 1200 29.85 2
 20150317 1200 30.20 2
 20150322 1200 30.21 2
 20150327 1200 29.91 2
 20150401 1200 29.68 2
 20150406 1200 29.74 2
 20150411 1200 29.90 2
 20150416 1200 29.97 2
 20150421 1200 30.13 2
 20150426 1200 30.71 2
 20150501 1200 30.38 2
 20150506 1200 30.05 2
 20150511 1200 29.77 2
 20150516 1200 29.99 2
 20150521 1200 29.81 2
 20150526 1200 29.91 2
 20150531 1200 29.95 2
 20150605 1200 30.05 2
 20150610 1200 30.14 2
 20150615 1200 29.84 2
 20150620 1200 30.01 2
 20150625 1200 30.00 2
 20150630 1200 29.57 2
 20150705 1200 29.48 2
 20150710 1200 29.73 2
 20150715 1200 29.75 2
 20150720 1200 29.86 2
 20150725 1200 29.78 2
 20150730 1200 29.00 2
 20150804 1200 29.07 2
 20150809 1200 28.93 2
 20150814 1200 29.03 2
 20150819 1200 29.31 2
 20150824 1200 29.52 2
 20150829 1200 29.50 2
 20150903 1200 29.23 2
 20150908 1200 29.45 2
 20150913 1200 29.49 2
 20150918 1200 29.23 2
 20150923 1200 29.10 2
 20150928 1200 29.18 2
 20151003 1200 29.65 2
 20151008 1200 29.61 2
 20151013 1200 29.48 2
 20151018 1200 29.71 2
 20151023 1200 29.87 2
 20151028 1200 30.05 2
 20151102 1200 30.06 2
 20151107 1200 30.15 2
 20151112 1200 30.10 2
 20151117 1200 29.83 2
 20151122 1200 29.99 2
 20151127 1200 29.95 2
 20151202 1200 29.91 2
 20151207 1200 29.76 2
 20151212 1200 29.89 2
 20151217 1200 30.01 2
 20151222 1200 29.67 2
 20151227 1200 29.43 2
 20160101 1200 29.58 2
 20160106 1200 29.78 2
 20160111 1200 29.74 2
 20160116 1200 29.75 2
 20160121 1200 29.78 2
 20160126 1200 29.70 2
 20160131 1200 29.38 2
 20160205 1200 29.47 2
 20160210 1200 29.37 2
 20160215 1200 29.48 2
 20160220 1200 29.48 2
 20160225 1200 29.68 2
 20160301 1200 29.78 2
 20160307 1200 29.67 2
 20160312 1200 29.81 2
 20160317 1200 29.53 2
 20160322 1200 29.09 2
 20160327 1200 29.56 2
 20160401 1200 29.51 2
 20160406 1200 28.95 2
 20160411 1200 29.30 2
 20160416 1200 28.83 2
 20160421 1200 28.84 2
 20160426 1200 29.43 2
 20160501 1200 29.81 2
 20160506 1200 29.64 2
 20160511 1200 28.91 2
 20160516 1200 28.62 2
 20160521 1200 28.80 2
 20160526 1200 29.05 2
 20160531 1200 29.07 2
 20160605 1200 29.14 2
 20160610 1200 29.98 2
 20160615 1200 30.06 2
 20160620 1200 29.89 2
 20160625 1200 29.35 2
 20160630 1200 29.57 2
 20160705 1200 30.13 2
 20160710 1200 30.34 2
 20160715 1200 30.31 2
 20160720 1200 30.23 2
 20160725 1200 30.09 2
 20160730 1200 30.12 2
 20160804 1200 29.90 2
 20160809 1200 29.66 2
 20160814 1200 29.66 2
 20160819 1200 30.16 2
 20160824 1200 29.86 2
 20160829 1200 29.69 2
 20160903 1200 29.77 2
 20160908 1200 29.96 2
 20160913 1200 29.76 2
 20160918 1200 29.29 2
 20160923 1200 29.33 2
 20160928 1200 29.20 2
 20161003 1200 29.45 2
 20161008 1200 29.34 2
 20161013 1200 29.11 2
 20161018 1200 29.16 2
 20161023 1200 29.38 2
 20161028 1200 29.64 2
 20161102 1200 29.06 2
 20161107 1200 28.94 2
 20161112 1200 28.76 2
 20161117 1200 29.11 2
 20161122 1200 29.26 2
 20161127 1200 29.09 2
 20161202 1200 29.21 2
 20161207 1200 29.73 2
 20161212 1200 30.20 2
 20161217 1200 30.32 2
 20161222 1200 30.28 2
 20161227 1200 30.15 2
 20170101 1200 30.45 2
 20170106 1200 30.33 2
 20170111 1200 30.39 2
 20170116 1200 30.40 2
 20170121 1200 30.37 2
 20170126 1200 30.33 2
 20170131 1200 30.23 2
 20170205 1200 30.08 2
 20170210 1200 29.97 2
 20170215 1200 29.87 2
 20170220 1200 29.92 2
 20170225 1200 29.83 2
 20170302 1200 28.80 2
 20170307 1200 28.45 2
 20170312 1200 28.26 2
 20170317 1200 28.26 2
 20170322 1200 28.38 2
 20170327 1200 28.46 2
 20170401 1200 28.84 2
 20170406 1200 28.71 2
 20170411 1200 28.82 2
 20170416 1200 28.70 2
 20170421 1200 28.93 2
 20170426 1200 29.27 2
 20170501 1200 28.77 2
 20170506 1200 29.14 2
 20170511 1200 29.72 2
 20170516 1200 29.42 2
 20170521 1200 29.37 2
 20170526 1200 29.21 2
 20170531 1200 29.21 2
 20170605 1200 29.69 2
 20170610 1200 30.32 2
 20170615 1200 30.10 2
 20170620 1200 29.81 2
 20170625 1200 29.82 2
 20170630 1200 29.93 2
 20170705 1200 29.83 2
 20170710 1200 30.08 2
 20170715 1200 30.15 2
 20170720 1200 30.03 2
 20170725 1200 29.96 2
 20170730 1200 29.91 2
 20170804 1200 30.02 2
 20170809 1200 30.06 2
 20170814 1200 -9.99 0
 20170819 1200 29.96 2
 20170824 1200 29.85 2
 20170829 1200 29.76 2
 20170903 1200 29.96 2
 20170908 1200 30.00 2
 20170913 1200 29.43 2
 20170918 1200 29.39 2
 20170923 1200 29.26 2
 20170928 1200 28.74 2
 20171003 1200 29.13 2
 20171008 1200 28.85 2
 20171013 1200 28.77 2
 20171018 1200 28.81 2
 20171023 1200 28.91 2
 20171028 1200 29.07 2
 20171102 1200 29.28 2
 20171107 1200 29.24 2
 20171112 1200 29.36 2
 20171117 1200 29.16 2
 20171122 1200 29.52 2
 20171127 1200 29.90 2
 20171202 1200 29.80 2
 20171207 1200 29.52 2
 20171212 1200 29.49 2
 20171217 1200 30.17 2
 20171222 1200 30.08 2
 20171227 1200 30.16 2
 20180101 1200 30.23 2
 20180106 1200 30.32 2
 20180111 1200 30.25 2
 20180116 1200 29.91 2
 20180121 1200 29.35 2
 20180126 1200 29.06 2
 20180131 1200 28.97 2
 20180205 1200 29.00 2
 20180210 1200 29.46 2
 20180215 1200 29.78 2
 20180220 1200 29.91 2
 20180225 1200 30.02 2
 20180302 1200 30.00 2
 20180307 1200 29.85 2
 20180312 1200 29.70 2
 20180317 1200 29.78 2
 20180322 1200 29.92 2
 20180327 1200 29.91 2
 20180401 1200 29.92 2
 20180406 1200 30.04 2
 20180411 1200 30.02 2
 20180416 1200 30.12 2
 20180421 1200 29.95 2
 20180426 1200 30.12 2
 20180501 1200 30.21 2
 20180506 1200 30.26 2
 20180511 1200 30.23 2
 20180516 1200 30.20 2
 20180521 1200 30.14 2
 20180526 1200 30.12 2
 20180531 1200 30.07 2
 20180605 1200 29.93 2
 20180610 1200 29.86 2
