 Location:  0.0N 110.5W  21 Jan 1979  1 May 1979(   21 times,  1 blocks) Gen. Date Jun 13 2018
 Units: Sea Surface Temperature (C), -9.99 = missing
 Time: 1200 21 Jan 1979 to 1200  1 May 1979 (index     1 to    21,   21 times)
 Depth (M):        1 QUALITY
 YYYYMMDD HHMM   SST Q
 19790121 1200 23.95 2
 19790126 1200 24.29 2
 19790131 1200 24.77 2
 19790205 1200 26.61 2
 19790210 1200 25.75 2
 19790215 1200 25.00 2
 19790220 1200 25.10 2
 19790225 1200 25.23 2
 19790302 1200 25.84 2
 19790307 1200 26.49 2
 19790312 1200 26.42 2
 19790317 1200 26.43 2
 19790322 1200 27.74 2
 19790327 1200 27.06 2
 19790401 1200 26.89 2
 19790406 1200 27.24 2
 19790411 1200 26.88 2
 19790416 1200 27.09 2
 19790421 1200 26.64 2
 19790426 1200 26.68 2
 19790501 1200 27.89 2
