 Location:  0N 155W  25 Jul 1991 to 11 May 2017 ( 1884 times,  5 blocks) Gen. Date Jun 13 2018
 Units: Sea Surface Temperature (C), -9.99 = missing
 Time: 1200 25 Jul 1991 to 1200 15 Jun 2012 (index     1 to  1526, 1526 times)
 Depth (M):        1 QUALITY
 YYYYMMDD HHMM   SST Q
 19910725 1200 28.15 1
 19910730 1200 28.13 1
 19910804 1200 27.86 1
 19910809 1200 27.65 1
 19910814 1200 28.18 1
 19910819 1200 27.72 1
 19910824 1200 27.56 1
 19910829 1200 27.46 1
 19910903 1200 26.95 1
 19910908 1200 26.67 1
 19910913 1200 27.60 1
 19910918 1200 27.94 1
 19910923 1200 27.68 1
 19910928 1200 27.63 1
 19911003 1200 27.92 1
 19911008 1200 28.59 1
 19911013 1200 28.27 1
 19911018 1200 28.20 1
 19911023 1200 28.24 1
 19911028 1200 28.11 1
 19911102 1200 28.11 1
 19911107 1200 28.36 1
 19911112 1200 28.37 1
 19911117 1200 28.57 1
 19911122 1200 28.61 1
 19911127 1200 28.69 1
 19911202 1200 28.95 1
 19911207 1200 29.33 1
 19911212 1200 29.65 1
 19911217 1200 29.90 1
 19911222 1200 29.61 1
 19911227 1200 29.65 1
 19920101 1200 29.58 1
 19920106 1200 29.39 1
 19920111 1200 29.07 1
 19920116 1200 28.93 1
 19920121 1200 28.92 1
 19920126 1200 29.01 1
 19920131 1200 29.20 1
 19920205 1200 29.21 1
 19920210 1200 29.27 1
 19920215 1200 29.30 1
 19920220 1200 29.29 1
 19920225 1200 29.30 1
 19920301 1200 29.01 1
 19920307 1200 29.09 1
 19920312 1200 29.01 1
 19920317 1200 28.95 1
 19920322 1200 28.91 1
 19920327 1200 29.70 1
 19920401 1200 29.55 1
 19920406 1200 29.39 1
 19920411 1200 29.57 1
 19920416 1200 29.61 1
 19920421 1200 29.19 1
 19920426 1200 29.14 1
 19920501 1200 29.27 1
 19920506 1200 29.23 1
 19920511 1200 29.20 1
 19920516 1200 29.22 1
 19920521 1200 29.40 1
 19920526 1200 29.42 1
 19920531 1200 29.15 1
 19920605 1200 28.59 1
 19920610 1200 28.29 1
 19920615 1200 27.67 1
 19920620 1200 27.21 1
 19920625 1200 26.87 1
 19920630 1200 26.95 1
 19920705 1200 27.27 1
 19920710 1200 27.83 1
 19920715 1200 27.37 1
 19920720 1200 27.23 1
 19920725 1200 27.17 1
 19920730 1200 26.79 1
 19920804 1200 26.03 1
 19920809 1200 25.65 1
 19920814 1200 25.80 1
 19920819 1200 25.74 1
 19920824 1200 25.96 1
 19920829 1200 25.86 1
 19920903 1200 26.00 1
 19920908 1200 26.24 1
 19920913 1200 26.13 1
 19920918 1200 26.59 1
 19920923 1200 26.45 1
 19920928 1200 26.38 1
 19921003 1200 25.95 1
 19921008 1200 25.71 1
 19921013 1200 25.87 1
 19921018 1200 26.92 1
 19921023 1200 26.52 1
 19921028 1200 26.26 1
 19921102 1200 26.00 1
 19921107 1200 27.59 1
 19921112 1200 27.57 1
 19921117 1200 26.76 1
 19921122 1200 27.08 1
 19921127 1200 27.20 1
 19921202 1200 27.41 1
 19921207 1200 26.97 1
 19921212 1200 27.33 1
 19921217 1200 26.94 1
 19921222 1200 26.57 1
 19921227 1200 26.26 1
 19930101 1200 26.49 1
 19930106 1200 26.91 1
 19930111 1200 26.76 1
 19930116 1200 26.89 1
 19930121 1200 26.93 1
 19930126 1200 26.69 1
 19930131 1200 26.76 1
 19930205 1200 26.88 1
 19930210 1200 26.60 1
 19930215 1200 26.62 1
 19930220 1200 26.55 1
 19930225 1200 26.53 1
 19930302 1200 26.65 1
 19930307 1200 26.61 1
 19930312 1200 26.93 1
 19930317 1200 27.40 1
 19930322 1200 27.83 1
 19930327 1200 27.64 1
 19930401 1200 27.33 1
 19930406 1200 27.59 1
 19930411 1200 28.43 1
 19930416 1200 28.47 1
 19930421 1200 28.15 1
 19930426 1200 28.27 1
 19930501 1200 28.66 1
 19930506 1200 29.03 1
 19930511 1200 29.07 1
 19930516 1200 28.98 1
 19930521 1200 28.47 1
 19930526 1200 28.64 1
 19930531 1200 28.45 1
 19930605 1200 28.37 1
 19930610 1200 28.37 1
 19930615 1200 28.52 1
 19930620 1200 28.63 1
 19930625 1200 28.65 1
 19930630 1200 28.59 1
 19930705 1200 28.46 1
 19930710 1200 28.33 1
 19930715 1200 28.27 1
 19930720 1200 28.05 1
 19930725 1200 27.78 1
 19930730 1200 27.40 1
 19930804 1200 26.87 1
 19930809 1200 26.80 1
 19930814 1200 27.90 1
 19930819 1200 27.58 1
 19930824 1200 27.79 1
 19930829 1200 27.57 1
 19930903 1200 27.40 1
 19930908 1200 27.29 1
 19930913 1200 27.85 1
 19930918 1200 27.44 1
 19930923 1200 27.46 1
 19930928 1200 27.70 1
 19931003 1200 27.00 1
 19931008 1200 26.86 1
 19931013 1200 27.43 1
 19931018 1200 27.74 1
 19931023 1200 27.26 1
 19931028 1200 27.64 1
 19931102 1200 27.44 2
 19931107 1200 27.13 2
 19931112 1200 27.05 2
 19931117 1200 27.05 2
 19931122 1200 27.40 2
 19931127 1200 26.58 2
 19931202 1200 26.61 2
 19931207 1200 26.84 2
 19931212 1200 26.84 2
 19931217 1200 26.93 2
 19931222 1200 26.75 2
 19931227 1200 26.06 2
 19940101 1200 26.08 2
 19940106 1200 26.03 2
 19940111 1200 26.11 2
 19940116 1200 26.20 2
 19940121 1200 25.88 2
 19940126 1200 25.90 2
 19940131 1200 25.95 2
 19940205 1200 26.40 2
 19940210 1200 26.46 2
 19940215 1200 26.51 2
 19940220 1200 26.38 2
 19940225 1200 26.10 2
 19940302 1200 26.00 2
 19940307 1200 26.10 2
 19940312 1200 26.86 2
 19940317 1200 26.96 2
 19940322 1200 26.87 2
 19940327 1200 27.15 2
 19940401 1200 27.02 2
 19940406 1200 27.21 2
 19940411 1200 26.87 2
 19940416 1200 27.10 2
 19940421 1200 27.36 2
 19940426 1200 27.88 2
 19940501 1200 27.42 2
 19940506 1200 27.41 2
 19940511 1200 27.31 2
 19940516 1200 27.63 2
 19940521 1200 27.90 2
 19940526 1200 27.74 2
 19940531 1200 27.88 2
 19940605 1200 27.94 2
 19940610 1200 27.51 2
 19940615 1200 27.35 2
 19940620 1200 27.73 2
 19940625 1200 27.69 2
 19940630 1200 27.84 2
 19940705 1200 27.67 2
 19940710 1200 27.64 2
 19940715 1200 27.74 2
 19940720 1200 27.97 2
 19940725 1200 27.74 2
 19940730 1200 27.85 2
 19940804 1200 27.90 2
 19940809 1200 28.07 2
 19940814 1200 28.11 2
 19940819 1200 28.07 2
 19940824 1200 28.05 2
 19940829 1200 27.84 2
 19940903 1200 27.28 2
 19940908 1200 27.00 2
 19940913 1200 27.59 2
 19940918 1200 27.22 2
 19940923 1200 27.94 2
 19940928 1200 28.27 2
 19941003 1200 28.00 2
 19941008 1200 28.02 2
 19941013 1200 27.74 2
 19941018 1200 27.95 2
 19941023 1200 28.23 1
 19941028 1200 28.36 1
 19941102 1200 28.59 1
 19941107 1200 28.59 1
 19941112 1200 28.48 1
 19941117 1200 28.45 1
 19941122 1200 28.43 1
 19941127 1200 28.44 1
 19941202 1200 28.48 1
 19941207 1200 28.42 1
 19941212 1200 28.19 1
 19941217 1200 28.07 1
 19941222 1200 27.91 1
 19941227 1200 27.60 1
 19950101 1200 27.71 1
 19950106 1200 27.82 1
 19950111 1200 27.79 1
 19950116 1200 27.82 1
 19950121 1200 27.83 1
 19950126 1200 27.44 1
 19950131 1200 27.35 1
 19950205 1200 27.45 1
 19950210 1200 27.26 1
 19950215 1200 27.14 1
 19950220 1200 27.44 1
 19950225 1200 27.33 1
 19950302 1200 27.18 1
 19950307 1200 26.97 1
 19950312 1200 27.25 1
 19950317 1200 27.33 1
 19950322 1200 27.49 1
 19950327 1200 27.13 1
 19950401 1200 27.00 1
 19950406 1200 27.60 1
 19950411 1200 27.45 1
 19950416 1200 27.63 1
 19950421 1200 27.76 1
 19950426 1200 27.84 1
 19950501 1200 27.75 1
 19950506 1200 27.70 1
 19950511 1200 27.20 1
 19950516 1200 27.42 1
 19950521 1200 27.12 1
 19950526 1200 27.37 1
 19950531 1200 27.43 1
 19950605 1200 27.18 1
 19950610 1200 27.17 1
 19950615 1200 27.51 1
 19950620 1200 27.32 1
 19950625 1200 27.23 1
 19950630 1200 27.42 1
 19950705 1200 27.24 1
 19950710 1200 26.61 1
 19950715 1200 26.64 1
 19950720 1200 26.48 1
 19950725 1200 26.62 1
 19950730 1200 26.59 1
 19950804 1200 26.13 1
 19950809 1200 25.75 1
 19950814 1200 25.45 1
 19950819 1200 25.63 1
 19950824 1200 25.79 1
 19950829 1200 26.27 1
 19950903 1200 26.37 1
 19950908 1200 26.06 1
 19950913 1200 25.54 1
 19950918 1200 25.29 1
 19950923 1200 25.74 1
 19950928 1200 25.94 1
 19951003 1200 25.46 1
 19951008 1200 25.95 1
 19951013 1200 25.17 1
 19951018 1200 25.42 1
 19951023 1200 25.42 1
 19951028 1200 25.88 1
 19951102 1200 26.10 1
 19951107 1200 25.51 1
 19951112 1200 25.07 1
 19951117 1200 25.33 1
 19951122 1200 25.80 1
 19951127 1200 25.30 1
 19951202 1200 26.03 1
 19951207 1200 25.12 1
 19951212 1200 24.09 1
 19951217 1200 24.30 1
 19951222 1200 25.04 1
 19951227 1200 24.87 1
 19960101 1200 24.95 1
 19960106 1200 24.95 1
 19960111 1200 24.80 1
 19960116 1200 24.86 1
 19960121 1200 24.74 1
 19960126 1200 25.09 1
 19960131 1200 25.39 1
 19960205 1200 25.22 1
 19960210 1200 25.23 1
 19960215 1200 25.05 1
 19960220 1200 25.18 1
 19960225 1200 25.53 1
 19960301 1200 25.48 1
 19960307 1200 25.22 1
 19960312 1200 25.37 1
 19960317 1200 25.70 1
 19960322 1200 26.23 1
 19960327 1200 26.30 1
 19960401 1200 26.25 1
 19960406 1200 26.38 1
 19960411 1200 26.85 1
 19960416 1200 26.91 1
 19960421 1200 27.16 1
 19960426 1200 27.33 1
 19960501 1200 27.18 1
 19960506 1200 27.01 1
 19960511 1200 26.95 1
 19960516 1200 27.21 1
 19960521 1200 27.45 1
 19960526 1200 27.24 1
 19960531 1200 27.14 1
 19960605 1200 26.95 1
 19960610 1200 27.15 1
 19960615 1200 27.03 1
 19960620 1200 27.16 1
 19960625 1200 26.97 1
 19960630 1200 27.37 1
 19960705 1200 27.42 1
 19960710 1200 27.00 1
 19960715 1200 26.74 1
 19960720 1200 26.70 1
 19960725 1200 27.00 1
 19960730 1200 26.27 1
 19960804 1200 26.13 1
 19960809 1200 26.19 1
 19960814 1200 26.61 1
 19960819 1200 26.64 1
 19960824 1200 27.03 1
 19960829 1200 26.75 1
 19960903 1200 26.59 1
 19960908 1200 26.55 1
 19960913 1200 26.05 1
 19960918 1200 25.59 1
 19960923 1200 25.59 1
 19960928 1200 25.62 1
 19961003 1200 25.56 1
 19961008 1200 25.77 1
 19961013 1200 26.16 1
 19961018 1200 26.36 1
 19961023 1200 26.11 1
 19961028 1200 26.32 1
 19961102 1200 25.87 1
 19961107 1200 25.33 1
 19961112 1200 26.26 1
 19961117 1200 27.16 1
 19961122 1200 26.74 1
 19961127 1200 26.42 1
 19961202 1200 26.67 1
 19961207 1200 26.01 1
 19961212 1200 25.68 1
 19961217 1200 25.80 1
 19961222 1200 25.93 1
 19961227 1200 25.91 1
 19970101 1200 25.89 1
 19970106 1200 25.95 1
 19970111 1200 26.22 1
 19970116 1200 26.27 1
 19970121 1200 26.39 1
 19970126 1200 26.43 1
 19970131 1200 26.45 1
 19970205 1200 26.34 1
 19970210 1200 25.88 1
 19970215 1200 25.98 1
 19970220 1200 25.97 1
 19970225 1200 25.89 1
 19970302 1200 25.81 1
 19970307 1200 26.02 1
 19970312 1200 26.25 1
 19970317 1200 26.39 1
 19970322 1200 26.29 1
 19970327 1200 26.51 1
 19970401 1200 26.83 1
 19970406 1200 27.12 1
 19970411 1200 27.55 1
 19970416 1200 27.67 1
 19970421 1200 27.94 1
 19970426 1200 28.07 1
 19970501 1200 28.15 1
 19970506 1200 28.40 1
 19970511 1200 28.61 1
 19970516 1200 28.54 1
 19970521 1200 28.60 1
 19970526 1200 28.82 1
 19970531 1200 29.15 1
 19970605 1200 29.08 1
 19970610 1200 29.37 1
 19970615 1200 29.42 1
 19970620 1200 29.46 1
 19970625 1200 29.60 1
 19970630 1200 29.54 1
 19970705 1200 29.38 1
 19970710 1200 29.43 1
 19970715 1200 29.37 1
 19970720 1200 29.27 1
 19970725 1200 29.24 1
 19970730 1200 29.14 1
 19970804 1200 29.15 1
 19970809 1200 28.86 1
 19970814 1200 28.89 1
 19970819 1200 29.24 1
 19970824 1200 29.21 1
 19970829 1200 29.24 1
 19970903 1200 29.57 1
 19970908 1200 29.41 1
 19970913 1200 29.41 1
 19970918 1200 29.63 1
 19970923 1200 29.93 1
 19970928 1200 29.96 1
 19971003 1200 30.18 1
 19971008 1200 30.26 1
 19971013 1200 30.11 1
 19971018 1200 30.14 1
 19971023 1200 29.75 1
 19971028 1200 29.63 1
 19971102 1200 29.67 1
 19971107 1200 29.64 1
 19971112 1200 29.43 1
 19971117 1200 29.92 2
 19971122 1200 29.81 2
 19971127 1200 29.54 2
 19971202 1200 29.25 2
 19971207 1200 29.39 2
 19971212 1200 29.51 2
 19971217 1200 29.36 2
 19971222 1200 29.43 2
 19971227 1200 29.39 2
 19980101 1200 29.32 2
 19980106 1200 29.52 2
 19980111 1200 29.65 2
 19980116 1200 29.73 2
 19980121 1200 29.78 2
 19980126 1200 29.53 2
 19980131 1200 29.36 2
 19980205 1200 29.35 2
 19980210 1200 29.59 2
 19980215 1200 28.95 2
 19980220 1200 28.92 2
 19980225 1200 28.70 2
 19980302 1200 27.69 2
 19980307 1200 27.89 2
 19980312 1200 28.80 2
 19980317 1200 27.89 2
 19980322 1200 27.64 2
 19980327 1200 28.69 2
 19980401 1200 27.81 2
 19980406 1200 27.40 2
 19980411 1200 28.79 2
 19980416 1200 27.76 2
 19980421 1200 28.09 2
 19980426 1200 28.76 2
 19980501 1200 29.05 2
 19980506 1200 29.32 2
 19980511 1200 28.71 2
 19980516 1200 27.89 2
 19980521 1200 27.38 2
 19980526 1200 27.62 2
 19980531 1200 27.94 2
 19980605 1200 26.57 2
 19980610 1200 26.09 2
 19980615 1200 26.17 2
 19980620 1200 25.78 2
 19980625 1200 24.62 2
 19980630 1200 24.16 2
 19980705 1200 24.14 2
 19980710 1200 24.06 2
 19980715 1200 23.98 2
 19980720 1200 24.35 2
 19980725 1200 24.53 2
 19980730 1200 24.01 2
 19980804 1200 24.13 2
 19980809 1200 23.61 2
 19980814 1200 23.80 2
 19980819 1200 23.34 2
 19980824 1200 23.70 2
 19980829 1200 23.22 2
 19980903 1200 23.42 2
 19980908 1200 26.23 2
 19980913 1200 26.05 2
 19980918 1200 24.96 2
 19980923 1200 25.59 2
 19980928 1200 25.30 2
 19981003 1200 24.56 2
 19981008 1200 23.80 2
 19981013 1200 24.21 2
 19981018 1200 23.51 2
 19981023 1200 23.00 2
 19981028 1200 24.00 2
 19981102 1200 25.20 2
 19981107 1200 25.06 2
 19981112 1200 24.78 2
 19981117 1200 24.90 2
 19981122 1200 23.80 2
 19981127 1200 23.00 2
 19981202 1200 24.64 2
 19981207 1200 23.99 2
 19981212 1200 23.76 2
 19981217 1200 24.93 2
 19981222 1200 24.85 2
 19981227 1200 24.22 2
 19990101 1200 23.95 2
 19990106 1200 23.61 2
 19990111 1200 24.08 2
 19990116 1200 24.39 2
 19990121 1200 24.33 2
 19990126 1200 24.07 2
 19990131 1200 23.94 2
 19990205 1200 24.32 2
 19990210 1200 24.11 2
 19990215 1200 24.22 2
 19990220 1200 24.18 2
 19990225 1200 24.32 2
 19990302 1200 26.03 2
 19990307 1200 25.56 2
 19990312 1200 25.03 2
 19990317 1200 25.19 2
 19990322 1200 25.15 2
 19990327 1200 25.64 2
 19990401 1200 25.92 2
 19990406 1200 25.61 2
 19990411 1200 25.71 2
 19990416 1200 25.73 2
 19990421 1200 25.88 2
 19990426 1200 25.98 2
 19990501 1200 26.19 2
 19990506 1200 26.41 2
 19990511 1200 26.42 2
 19990516 1200 26.43 2
 19990521 1200 26.47 2
 19990526 1200 26.62 2
 19990531 1200 26.58 2
 19990605 1200 26.78 2
 19990610 1200 26.97 2
 19990615 1200 26.94 2
 19990620 1200 26.91 2
 19990625 1200 26.77 2
 19990630 1200 26.74 2
 19990705 1200 26.63 2
 19990710 1200 26.29 2
 19990715 1200 26.14 2
 19990720 1200 26.16 2
 19990725 1200 25.83 2
 19990730 1200 26.00 2
 19990804 1200 26.08 2
 19990809 1200 25.63 2
 19990814 1200 25.54 2
 19990819 1200 25.82 2
 19990824 1200 25.74 2
 19990829 1200 25.48 2
 19990903 1200 25.58 2
 19990908 1200 26.02 2
 19990913 1200 26.08 2
 19990918 1200 25.93 2
 19990923 1200 25.98 2
 19990928 1200 25.98 2
 19991003 1200 26.20 2
 19991008 1200 26.47 2
 19991013 1200 26.30 2
 19991018 1200 26.10 2
 19991023 1200 25.52 2
 19991028 1200 25.05 1
 19991102 1200 25.34 1
 19991107 1200 24.85 1
 19991112 1200 24.61 1
 19991117 1200 24.87 1
 19991122 1200 25.70 1
 19991127 1200 24.89 1
 19991202 1200 25.03 1
 19991207 1200 24.53 1
 19991212 1200 24.89 1
 19991217 1200 24.74 1
 19991222 1200 25.02 1
 19991227 1200 24.79 1
 20000101 1200 24.47 1
 20000106 1200 25.07 1
 20000111 1200 24.81 1
 20000116 1200 24.19 1
 20000121 1200 24.07 1
 20000126 1200 24.64 1
 20000131 1200 24.24 1
 20000205 1200 24.24 1
 20000210 1200 24.22 1
 20000215 1200 24.30 1
 20000220 1200 24.47 1
 20000225 1200 24.47 1
 20000301 1200 24.74 1
 20000307 1200 24.72 1
 20000312 1200 24.74 1
 20000317 1200 24.93 1
 20000322 1200 25.18 1
 20000327 1200 25.35 1
 20000401 1200 25.89 1
 20000406 1200 26.55 1
 20000411 1200 26.90 1
 20000416 1200 26.60 1
 20000421 1200 26.59 1
 20000426 1200 26.41 1
 20000501 1200 26.59 1
 20000506 1200 26.73 1
 20000511 1200 26.56 1
 20000516 1200 26.65 1
 20000521 1200 26.84 1
 20000526 1200 26.76 1
 20000531 1200 26.81 1
 20000605 1200 26.85 1
 20000610 1200 26.99 1
 20000615 1200 27.19 1
 20000620 1200 27.09 1
 20000625 1200 26.98 1
 20000630 1200 26.99 1
 20000705 1200 26.82 1
 20000710 1200 26.61 1
 20000715 1200 26.65 1
 20000720 1200 26.70 1
 20000725 1200 26.88 1
 20000730 1200 26.98 1
 20000804 1200 26.93 1
 20000809 1200 26.84 1
 20000814 1200 26.76 1
 20000819 1200 26.60 1
 20000824 1200 26.46 1
 20000829 1200 26.77 1
 20000903 1200 27.31 1
 20000908 1200 26.61 1
 20000913 1200 26.64 1
 20000918 1200 26.41 1
 20000923 1200 26.68 1
 20000928 1200 26.61 1
 20001003 1200 26.67 1
 20001008 1200 26.54 1
 20001013 1200 26.21 1
 20001018 1200 25.93 1
 20001023 1200 25.99 1
 20001028 1200 25.75 1
 20001102 1200 25.39 1
 20001107 1200 25.60 1
 20001112 1200 25.55 1
 20001117 1200 26.23 1
 20001122 1200 25.74 1
 20001127 1200 25.69 1
 20001202 1200 25.36 1
 20001207 1200 25.40 1
 20001212 1200 25.58 1
 20001217 1200 25.12 1
 20001222 1200 24.99 1
 20001227 1200 25.45 1
 20010101 1200 25.64 1
 20010106 1200 25.39 1
 20010111 1200 25.36 1
 20010116 1200 25.43 1
 20010121 1200 25.50 1
 20010126 1200 25.75 1
 20010131 1200 25.49 1
 20010205 1200 25.19 1
 20010210 1200 25.28 1
 20010215 1200 25.77 1
 20010220 1200 25.80 1
 20010225 1200 25.64 1
 20010302 1200 25.98 1
 20010307 1200 25.79 1
 20010312 1200 25.61 1
 20010317 1200 25.72 1
 20010322 1200 26.03 1
 20010327 1200 26.10 1
 20010401 1200 26.34 1
 20010406 1200 26.69 1
 20010411 1200 27.15 1
 20010416 1200 26.85 1
 20010421 1200 26.96 1
 20010426 1200 27.07 1
 20010501 1200 27.13 1
 20010506 1200 27.05 1
 20010511 1200 27.15 1
 20010516 1200 27.45 1
 20010521 1200 27.38 1
 20010526 1200 27.54 1
 20010531 1200 27.61 1
 20010605 1200 27.82 1
 20010610 1200 27.82 1
 20010615 1200 27.66 1
 20010620 1200 27.77 1
 20010625 1200 27.73 1
 20010630 1200 27.70 1
 20010705 1200 27.72 1
 20010710 1200 27.58 1
 20010715 1200 27.62 1
 20010720 1200 27.79 1
 20010725 1200 27.89 1
 20010730 1200 28.02 1
 20010804 1200 27.84 1
 20010809 1200 27.51 1
 20010814 1200 26.95 1
 20010819 1200 26.83 1
 20010824 1200 27.08 1
 20010829 1200 26.93 1
 20010903 1200 26.98 1
 20010908 1200 27.14 1
 20010913 1200 27.14 1
 20010918 1200 27.36 1
 20010923 1200 27.45 1
 20010928 1200 27.36 1
 20011003 1200 27.08 1
 20011008 1200 27.17 1
 20011013 1200 26.95 1
 20011018 1200 26.70 1
 20011023 1200 26.94 1
 20011028 1200 26.92 1
 20011102 1200 26.99 1
 20011107 1200 27.00 1
 20011112 1200 26.76 1
 20011117 1200 26.69 1
 20011122 1200 26.92 1
 20011127 1200 26.58 1
 20011202 1200 26.74 1
 20011207 1200 25.54 1
 20011212 1200 26.12 1
 20011217 1200 25.79 1
 20011222 1200 26.22 1
 20011227 1200 26.46 1
 20020101 1200 26.66 1
 20020106 1200 26.78 1
 20020111 1200 26.73 1
 20020116 1200 26.80 1
 20020121 1200 26.85 1
 20020126 1200 26.80 1
 20020131 1200 26.89 1
 20020205 1200 27.00 1
 20020210 1200 26.93 1
 20020215 1200 26.84 1
 20020220 1200 26.68 1
 20020225 1200 27.07 1
 20020302 1200 27.14 1
 20020307 1200 27.18 1
 20020312 1200 27.25 1
 20020317 1200 27.29 1
 20020322 1200 26.96 1
 20020327 1200 27.01 1
 20020401 1200 27.16 1
 20020406 1200 27.83 1
 20020411 1200 28.07 1
 20020416 1200 27.77 1
 20020421 1200 27.98 1
 20020426 1200 27.89 1
 20020501 1200 28.03 1
 20020506 1200 27.91 1
 20020511 1200 27.68 1
 20020516 1200 27.88 1
 20020521 1200 28.24 1
 20020526 1200 28.70 1
 20020531 1200 28.93 1
 20020605 1200 29.02 1
 20020610 1200 29.12 1
 20020615 1200 28.60 1
 20020620 1200 28.47 1
 20020625 1200 28.30 1
 20020630 1200 28.00 1
 20020705 1200 27.95 1
 20020710 1200 27.86 1
 20020715 1200 27.97 1
 20020720 1200 28.15 1
 20020725 1200 28.34 1
 20020730 1200 28.44 1
 20020804 1200 28.49 1
 20020809 1200 28.31 1
 20020814 1200 28.18 1
 20020819 1200 28.13 1
 20020824 1200 28.27 1
 20020829 1200 28.55 1
 20020903 1200 28.42 1
 20020908 1200 28.23 1
 20020913 1200 28.34 1
 20020918 1200 28.39 1
 20020923 1200 28.71 1
 20020928 1200 28.68 1
 20021003 1200 28.74 1
 20021008 1200 28.61 1
 20021013 1200 28.74 1
 20021018 1200 28.82 1
 20021023 1200 28.96 1
 20021028 1200 29.29 1
 20021102 1200 29.21 1
 20021107 1200 29.47 1
 20021112 1200 29.59 1
 20021117 1200 29.31 1
 20021122 1200 28.89 1
 20021127 1200 28.68 1
 20021202 1200 28.63 1
 20021207 1200 28.50 1
 20021212 1200 28.28 1
 20021217 1200 28.64 1
 20021222 1200 28.62 1
 20021227 1200 28.41 1
 20030101 1200 28.34 1
 20030106 1200 28.47 1
 20030111 1200 28.39 1
 20030116 1200 28.34 1
 20030121 1200 27.95 1
 20030126 1200 27.87 1
 20030131 1200 27.51 1
 20030205 1200 27.37 1
 20030210 1200 27.84 1
 20030215 1200 27.81 1
 20030220 1200 27.72 1
 20030225 1200 27.68 1
 20030302 1200 27.84 1
 20030307 1200 27.64 1
 20030312 1200 27.71 1
 20030317 1200 27.87 1
 20030322 1200 27.75 1
 20030327 1200 27.62 1
 20030401 1200 27.47 1
 20030406 1200 26.97 1
 20030411 1200 27.19 1
 20030416 1200 27.20 1
 20030421 1200 27.12 1
 20030426 1200 27.26 1
 20030501 1200 27.10 1
 20030506 1200 26.89 1
 20030511 1200 26.94 1
 20030516 1200 26.83 1
 20030521 1200 26.87 1
 20030526 1200 27.17 1
 20030531 1200 27.10 1
 20030605 1200 27.49 1
 20030610 1200 27.46 1
 20030615 1200 27.48 1
 20030620 1200 27.83 1
 20030625 1200 27.94 1
 20030630 1200 27.97 1
 20030705 1200 27.96 1
 20030710 1200 27.84 1
 20030715 1200 27.61 1
 20030720 1200 27.18 1
 20030725 1200 26.81 1
 20030730 1200 26.54 1
 20030804 1200 26.81 1
 20030809 1200 26.86 1
 20030814 1200 27.15 1
 20030819 1200 27.00 1
 20030824 1200 27.01 1
 20030829 1200 27.05 1
 20030903 1200 27.33 1
 20030908 1200 27.22 1
 20030913 1200 27.09 1
 20030918 1200 27.09 1
 20030923 1200 27.22 1
 20030928 1200 27.24 1
 20031003 1200 27.36 1
 20031008 1200 27.60 1
 20031013 1200 27.29 1
 20031018 1200 27.14 1
 20031023 1200 27.50 1
 20031028 1200 27.76 1
 20031102 1200 27.63 1
 20031107 1200 27.74 1
 20031112 1200 27.67 1
 20031117 1200 27.30 1
 20031122 1200 26.95 1
 20031127 1200 27.11 1
 20031202 1200 27.44 1
 20031207 1200 27.28 1
 20031212 1200 27.03 1
 20031217 1200 26.89 1
 20031222 1200 26.97 1
 20031227 1200 26.23 1
 20040101 1200 25.91 1
 20040106 1200 25.79 1
 20040111 1200 26.30 1
 20040116 1200 26.52 1
 20040121 1200 26.60 1
 20040126 1200 26.80 1
 20040131 1200 26.88 1
 20040205 1200 27.01 1
 20040210 1200 26.64 1
 20040215 1200 26.44 1
 20040220 1200 26.79 1
 20040225 1200 26.74 1
 20040301 1200 26.66 1
 20040307 1200 26.66 1
 20040312 1200 26.11 1
 20040317 1200 26.37 1
 20040322 1200 26.84 1
 20040327 1200 27.14 1
 20040401 1200 27.17 1
 20040406 1200 27.57 1
 20040411 1200 27.43 1
 20040416 1200 27.08 1
 20040421 1200 27.31 1
 20040426 1200 27.55 1
 20040501 1200 27.51 1
 20040506 1200 27.75 1
 20040511 1200 27.80 1
 20040516 1200 27.96 1
 20040521 1200 28.07 1
 20040526 1200 28.30 1
 20040531 1200 28.07 1
 20040605 1200 27.97 1
 20040610 1200 28.08 1
 20040615 1200 27.87 1
 20040620 1200 27.87 1
 20040625 1200 27.79 1
 20040630 1200 27.70 1
 20040705 1200 28.17 1
 20040710 1200 28.61 1
 20040715 1200 28.32 1
 20040720 1200 28.34 1
 20040725 1200 28.46 1
 20040730 1200 28.51 1
 20040804 1200 28.47 1
 20040809 1200 28.27 1
 20040814 1200 28.00 1
 20040819 1200 27.87 1
 20040824 1200 27.80 1
 20040829 1200 28.06 1
 20040903 1200 28.45 1
 20040908 1200 28.27 1
 20040913 1200 28.08 1
 20040918 1200 28.17 1
 20040923 1200 28.01 1
 20040928 1200 27.50 1
 20041003 1200 27.78 1
 20041008 1200 27.96 1
 20041013 1200 28.06 1
 20041018 1200 28.19 1
 20041023 1200 28.30 1
 20041028 1200 28.31 1
 20041102 1200 28.08 1
 20041107 1200 27.92 1
 20041112 1200 27.95 1
 20041117 1200 27.94 1
 20041122 1200 27.89 1
 20041127 1200 27.89 1
 20041202 1200 27.62 1
 20041207 1200 27.30 1
 20041212 1200 27.21 1
 20041217 1200 27.11 1
 20041222 1200 26.72 1
 20041227 1200 26.86 1
 20050101 1200 26.97 1
 20050106 1200 26.88 1
 20050111 1200 26.81 1
 20050116 1200 26.81 1
 20050121 1200 27.11 1
 20050126 1200 26.96 1
 20050131 1200 27.11 1
 20050205 1200 26.75 1
 20050210 1200 26.55 1
 20050215 1200 26.31 1
 20050220 1200 26.24 1
 20050225 1200 26.33 1
 20050302 1200 26.40 1
 20050307 1200 26.58 1
 20050312 1200 27.05 1
 20050317 1200 27.29 1
 20050322 1200 27.57 1
 20050327 1200 27.67 1
 20050401 1200 27.51 1
 20050406 1200 27.50 1
 20050411 1200 27.28 1
 20050416 1200 27.31 1
 20050421 1200 27.93 1
 20050426 1200 28.11 1
 20050501 1200 28.00 1
 20050506 1200 27.61 1
 20050511 1200 27.53 1
 20050516 1200 27.65 1
 20050521 1200 27.84 1
 20050526 1200 28.03 1
 20050531 1200 27.87 1
 20050605 1200 27.87 1
 20050610 1200 27.86 1
 20050615 1200 27.81 1
 20050620 1200 27.79 4
 20050625 1200 27.57 4
 20050630 1200 27.62 4
 20050705 1200 27.52 4
 20050710 1200 27.45 4
 20050715 1200 27.19 4
 20050720 1200 27.40 4
 20050725 1200 27.09 4
 20050730 1200 26.82 4
 20050804 1200 26.56 4
 20050809 1200 26.23 4
 20050814 1200 26.26 4
 20050819 1200 27.05 4
 20050824 1200 27.67 4
 20050829 1200 26.89 4
 20050903 1200 26.64 4
 20050908 1200 26.80 4
 20050913 1200 26.74 4
 20050918 1200 26.57 4
 20050923 1200 26.62 4
 20050928 1200 26.96 4
 20051003 1200 26.83 4
 20051008 1200 26.93 4
 20051013 1200 27.00 4
 20051018 1200 26.91 4
 20051023 1200 26.57 4
 20051028 1200 26.81 4
 20051102 1200 26.31 4
 20051107 1200 26.27 4
 20051112 1200 26.31 4
 20051117 1200 26.55 4
 20051122 1200 26.43 4
 20051127 1200 26.13 4
 20051202 1200 26.08 4
 20051207 1200 26.10 4
 20051212 1200 25.88 4
 20051217 1200 25.97 4
 20051222 1200 25.84 4
 20051227 1200 25.39 4
 20060101 1200 24.94 4
 20060106 1200 25.05 4
 20060111 1200 25.01 4
 20060116 1200 24.94 4
 20060121 1200 24.79 4
 20060126 1200 24.68 4
 20060131 1200 24.39 4
 20060205 1200 24.46 4
 20060210 1200 25.09 4
 20060215 1200 25.30 4
 20060220 1200 25.10 4
 20060225 1200 25.59 4
 20060302 1200 25.42 4
 20060307 1200 25.49 4
 20060312 1200 25.66 4
 20060317 1200 25.94 4
 20060322 1200 26.04 4
 20060327 1200 26.15 4
 20060401 1200 26.64 4
 20060406 1200 26.59 4
 20060411 1200 27.01 4
 20060416 1200 27.17 4
 20060421 1200 27.18 4
 20060426 1200 27.06 4
 20060501 1200 27.25 4
 20060506 1200 27.46 4
 20060511 1200 27.37 4
 20060516 1200 27.51 4
 20060521 1200 27.75 4
 20060526 1200 28.00 4
 20060531 1200 28.13 4
 20060605 1200 28.07 4
 20060610 1200 28.25 1
 20060615 1200 28.26 1
 20060620 1200 28.25 1
 20060625 1200 28.06 1
 20060630 1200 27.71 1
 20060705 1200 27.34 1
 20060710 1200 27.50 1
 20060715 1200 27.43 1
 20060720 1200 27.28 1
 20060725 1200 27.45 1
 20060730 1200 27.49 1
 20060804 1200 27.46 1
 20060809 1200 27.61 1
 20060814 1200 27.67 1
 20060819 1200 27.60 1
 20060824 1200 27.54 1
 20060829 1200 27.66 1
 20060903 1200 27.68 1
 20060908 1200 27.74 1
 20060913 1200 27.68 1
 20060918 1200 27.55 1
 20060923 1200 27.67 1
 20060928 1200 27.91 1
 20061003 1200 27.52 1
 20061008 1200 27.70 1
 20061013 1200 28.23 1
 20061018 1200 27.76 1
 20061023 1200 27.94 1
 20061028 1200 27.84 1
 20061102 1200 27.75 1
 20061107 1200 27.96 1
 20061112 1200 28.35 1
 20061117 1200 28.47 1
 20061122 1200 28.24 1
 20061127 1200 28.35 1
 20061202 1200 28.40 1
 20061207 1200 28.26 1
 20061212 1200 28.19 1
 20061217 1200 28.18 1
 20061222 1200 28.02 1
 20061227 1200 27.43 1
 20070101 1200 27.57 1
 20070106 1200 27.20 1
 20070111 1200 27.05 1
 20070116 1200 26.54 1
 20070121 1200 26.16 1
 20070126 1200 26.50 1
 20070131 1200 26.54 1
 20070205 1200 26.41 1
 20070210 1200 26.67 1
 20070215 1200 26.74 1
 20070220 1200 26.86 1
 20070225 1200 26.52 1
 20070302 1200 26.36 1
 20070307 1200 26.44 1
 20070312 1200 26.49 1
 20070317 1200 26.43 1
 20070322 1200 26.51 1
 20070327 1200 27.19 1
 20070401 1200 27.23 1
 20070406 1200 26.96 1
 20070411 1200 26.86 1
 20070416 1200 26.97 1
 20070421 1200 27.34 1
 20070426 1200 27.75 1
 20070501 1200 27.43 1
 20070506 1200 27.12 1
 20070511 1200 26.96 1
 20070516 1200 26.95 1
 20070521 1200 27.13 1
 20070526 1200 27.23 1
 20070531 1200 27.45 1
 20070605 1200 27.67 1
 20070610 1200 27.95 1
 20070615 1200 27.94 1
 20070620 1200 27.65 1
 20070625 1200 27.24 1
 20070630 1200 27.14 1
 20070705 1200 26.12 1
 20070710 1200 26.29 1
 20070715 1200 26.30 1
 20070720 1200 26.76 1
 20070725 1200 26.96 1
 20070730 1200 26.79 1
 20070804 1200 26.68 1
 20070809 1200 26.46 1
 20070814 1200 26.15 1
 20070819 1200 25.80 1
 20070824 1200 25.71 1
 20070829 1200 25.52 1
 20070903 1200 25.63 1
 20070908 1200 25.68 1
 20070913 1200 25.59 1
 20070918 1200 25.23 1
 20070923 1200 24.98 1
 20070928 1200 25.55 1
 20071003 1200 25.09 1
 20071008 1200 24.61 1
 20071013 1200 24.83 1
 20071018 1200 24.24 1
 20071023 1200 24.98 1
 20071028 1200 24.69 1
 20071102 1200 24.86 1
 20071107 1200 24.94 1
 20071112 1200 25.05 1
 20071117 1200 24.86 1
 20071122 1200 24.68 1
 20071127 1200 24.17 1
 20071202 1200 24.87 1
 20071207 1200 24.77 1
 20071212 1200 24.50 1
 20071217 1200 24.30 1
 20071222 1200 24.85 1
 20071227 1200 24.95 1
 20080101 1200 24.05 1
 20080106 1200 24.13 1
 20080111 1200 24.36 1
 20080116 1200 24.08 1
 20080121 1200 23.56 1
 20080126 1200 22.95 1
 20080131 1200 23.46 1
 20080205 1200 23.40 1
 20080210 1200 23.40 1
 20080215 1200 23.54 1
 20080220 1200 23.88 1
 20080225 1200 24.75 1
 20080301 1200 24.88 1
 20080307 1200 24.73 1
 20080312 1200 25.08 1
 20080317 1200 24.70 1
 20080322 1200 25.08 1
 20080327 1200 25.38 1
 20080401 1200 25.33 1
 20080406 1200 25.57 1
 20080411 1200 25.49 1
 20080416 1200 25.64 1
 20080421 1200 25.82 1
 20080426 1200 26.38 1
 20080501 1200 26.29 1
 20080506 1200 26.30 1
 20080511 1200 26.33 1
 20080516 1200 26.55 1
 20080521 1200 26.72 1
 20080526 1200 26.77 1
 20080531 1200 26.84 1
 20080605 1200 26.75 1
 20080610 1200 26.70 1
 20080615 1200 26.65 1
 20080620 1200 26.91 1
 20080625 1200 26.78 1
 20080630 1200 26.96 1
 20080705 1200 27.19 1
 20080710 1200 27.00 1
 20080715 1200 27.14 1
 20080720 1200 26.96 1
 20080725 1200 26.90 1
 20080730 1200 26.85 1
 20080804 1200 26.62 1
 20080809 1200 26.95 1
 20080814 1200 26.71 1
 20080819 1200 26.38 1
 20080824 1200 26.49 1
 20080829 1200 26.27 1
 20080903 1200 26.36 1
 20080908 1200 26.29 1
 20080913 1200 26.21 1
 20080918 1200 26.07 1
 20080923 1200 26.00 1
 20080928 1200 26.44 1
 20081003 1200 27.07 1
 20081008 1200 26.73 1
 20081013 1200 26.40 1
 20081018 1200 26.24 1
 20081023 1200 26.43 1
 20081028 1200 26.85 1
 20081102 1200 26.82 1
 20081107 1200 26.93 1
 20081112 1200 26.47 1
 20081117 1200 25.63 1
 20081122 1200 25.79 1
 20081127 1200 26.02 1
 20081202 1200 25.62 1
 20081207 1200 25.48 1
 20081212 1200 25.22 1
 20081217 1200 24.91 1
 20081222 1200 24.92 1
 20081227 1200 24.70 1
 20090101 1200 24.75 1
 20090106 1200 24.61 1
 20090111 1200 24.68 1
 20090116 1200 24.66 1
 20090121 1200 25.05 1
 20090126 1200 24.82 1
 20090131 1200 25.22 1
 20090205 1200 25.46 1
 20090210 1200 25.62 1
 20090215 1200 25.87 1
 20090220 1200 26.15 1
 20090225 1200 25.88 1
 20090302 1200 25.81 1
 20090307 1200 25.89 1
 20090312 1200 26.20 1
 20090317 1200 26.06 1
 20090322 1200 26.32 1
 20090327 1200 26.54 1
 20090401 1200 26.53 1
 20090406 1200 26.77 1
 20090411 1200 26.98 1
 20090416 1200 26.99 1
 20090421 1200 26.98 1
 20090426 1200 27.34 1
 20090501 1200 27.59 1
 20090506 1200 27.83 1
 20090511 1200 27.97 1
 20090516 1200 28.10 1
 20090521 1200 28.07 1
 20090526 1200 27.92 1
 20090531 1200 27.61 1
 20090605 1200 27.61 1
 20090610 1200 27.86 1
 20090615 1200 28.11 1
 20090620 1200 28.37 1
 20090625 1200 28.29 1
 20090630 1200 28.30 1
 20090705 1200 28.14 1
 20090710 1200 28.02 1
 20090715 1200 27.87 1
 20090720 1200 27.87 1
 20090725 1200 27.81 1
 20090730 1200 27.30 1
 20090804 1200 27.53 1
 20090809 1200 27.53 1
 20090814 1200 27.58 1
 20090819 1200 27.56 1
 20090824 1200 27.54 1
 20090829 1200 27.77 1
 20090903 1200 27.88 1
 20090908 1200 27.75 1
 20090913 1200 27.76 1
 20090918 1200 27.83 1
 20090923 1200 27.77 1
 20090928 1200 27.71 1
 20091003 1200 27.99 1
 20091008 1200 27.85 1
 20091013 1200 27.86 1
 20091018 1200 28.23 1
 20091023 1200 28.50 1
 20091028 1200 28.72 1
 20091102 1200 28.96 1
 20091107 1200 28.47 1
 20091112 1200 28.67 1
 20091117 1200 28.55 1
 20091122 1200 28.55 1
 20091127 1200 28.57 1
 20091202 1200 28.53 1
 20091207 1200 28.49 1
 20091212 1200 28.50 1
 20091217 1200 29.42 1
 20091222 1200 28.99 1
 20091227 1200 29.00 1
 20100101 1200 29.06 1
 20100106 1200 29.02 1
 20100111 1200 28.91 1
 20100116 1200 28.70 1
 20100121 1200 28.38 1
 20100126 1200 28.29 1
 20100131 1200 28.31 1
 20100205 1200 28.59 1
 20100210 1200 28.37 1
 20100215 1200 28.16 1
 20100220 1200 28.07 1
 20100225 1200 28.37 1
 20100302 1200 28.39 1
 20100307 1200 28.30 1
 20100312 1200 28.80 1
 20100317 1200 28.53 1
 20100322 1200 28.51 1
 20100327 1200 28.61 1
 20100401 1200 28.43 1
 20100406 1200 28.44 1
 20100411 1200 28.42 1
 20100416 1200 28.22 1
 20100421 1200 27.97 1
 20100426 1200 27.78 1
 20100501 1200 27.52 1
 20100506 1200 27.26 1
 20100511 1200 27.00 1
 20100516 1200 26.60 1
 20100521 1200 26.26 1
 20100526 1200 26.68 1
 20100531 1200 26.74 1
 20100605 1200 26.41 1
 20100610 1200 26.26 1
 20100615 1200 26.35 1
 20100620 1200 26.30 1
 20100625 1200 26.18 1
 20100630 1200 26.03 1
 20100705 1200 26.00 1
 20100710 1200 25.57 1
 20100715 1200 25.98 1
 20100720 1200 25.38 1
 20100725 1200 25.24 1
 20100730 1200 24.96 1
 20100804 1200 25.18 1
 20100809 1200 24.84 1
 20100814 1200 25.62 1
 20100819 1200 24.47 1
 20100824 1200 24.02 1
 20100829 1200 24.20 1
 20100903 1200 24.83 1
 20100908 1200 25.23 1
 20100913 1200 24.49 1
 20100918 1200 24.48 1
 20100923 1200 24.20 1
 20100928 1200 25.19 1
 20101003 1200 24.86 1
 20101008 1200 24.27 1
 20101013 1200 24.59 1
 20101018 1200 25.09 1
 20101023 1200 24.42 1
 20101028 1200 24.35 1
 20101102 1200 24.14 1
 20101107 1200 24.84 1
 20101112 1200 25.20 1
 20101117 1200 25.06 1
 20101122 1200 25.24 1
 20101127 1200 25.34 1
 20101202 1200 24.82 1
 20101207 1200 24.22 1
 20101212 1200 24.73 1
 20101217 1200 24.72 1
 20101222 1200 24.79 1
 20101227 1200 24.53 1
 20110101 1200 24.90 1
 20110106 1200 23.98 1
 20110111 1200 23.54 1
 20110116 1200 23.82 1
 20110121 1200 24.56 1
 20110126 1200 24.28 2
 20110131 1200 24.34 2
 20110205 1200 24.64 2
 20110210 1200 24.85 2
 20110215 1200 25.11 2
 20110220 1200 25.16 2
 20110225 1200 25.10 2
 20110302 1200 25.01 2
 20110307 1200 25.46 2
 20110312 1200 25.53 2
 20110317 1200 25.82 2
 20110322 1200 25.86 2
 20110327 1200 26.25 2
 20110401 1200 26.48 2
 20110406 1200 26.63 2
 20110411 1200 26.79 2
 20110416 1200 26.80 2
 20110421 1200 26.87 2
 20110426 1200 26.95 2
 20110501 1200 26.97 2
 20110506 1200 27.07 2
 20110511 1200 27.18 2
 20110516 1200 27.37 2
 20110521 1200 27.37 2
 20110526 1200 27.21 2
 20110531 1200 27.46 2
 20110605 1200 27.58 2
 20110610 1200 27.52 2
 20110615 1200 27.49 2
 20110620 1200 27.41 2
 20110625 1200 27.25 2
 20110630 1200 27.15 2
 20110705 1200 27.22 2
 20110710 1200 27.30 2
 20110715 1200 27.36 2
 20110720 1200 27.10 2
 20110725 1200 26.86 2
 20110730 1200 26.43 2
 20110804 1200 26.12 2
 20110809 1200 26.11 2
 20110814 1200 25.95 2
 20110819 1200 26.32 2
 20110824 1200 26.45 2
 20110829 1200 26.53 2
 20110903 1200 26.56 2
 20110908 1200 26.65 2
 20110913 1200 26.24 2
 20110918 1200 25.78 2
 20110923 1200 25.43 2
 20110928 1200 25.75 2
 20111003 1200 25.94 2
 20111008 1200 25.78 2
 20111013 1200 25.54 2
 20111018 1200 25.40 2
 20111023 1200 24.89 2
 20111028 1200 25.41 2
 20111102 1200 25.51 2
 20111107 1200 25.32 2
 20111112 1200 25.44 2
 20111117 1200 25.61 2
 20111122 1200 25.34 2
 20111127 1200 25.31 2
 20111202 1200 25.25 2
 20111207 1200 25.47 2
 20111212 1200 25.36 2
 20111217 1200 25.29 2
 20111222 1200 25.03 2
 20111227 1200 25.18 2
 20120101 1200 25.28 2
 20120106 1200 25.03 2
 20120111 1200 24.71 2
 20120116 1200 24.06 2
 20120121 1200 23.98 2
 20120126 1200 24.25 2
 20120131 1200 24.81 2
 20120205 1200 24.83 2
 20120210 1200 25.19 2
 20120215 1200 25.58 2
 20120220 1200 25.63 2
 20120225 1200 25.83 2
 20120301 1200 26.03 2
 20120307 1200 25.95 2
 20120312 1200 25.99 2
 20120317 1200 25.97 2
 20120322 1200 26.15 2
 20120327 1200 26.28 2
 20120401 1200 26.22 2
 20120406 1200 26.48 2
 20120411 1200 27.01 2
 20120416 1200 26.94 2
 20120421 1200 26.95 2
 20120426 1200 26.85 2
 20120501 1200 27.02 2
 20120506 1200 27.12 2
 20120511 1200 27.34 2
 20120516 1200 27.39 2
 20120521 1200 27.51 2
 20120526 1200 27.52 2
 20120531 1200 27.45 2
 20120605 1200 27.40 2
 20120610 1200 27.77 2
 20120615 1200 27.80 2
 Time: 1200  8 Oct 2013 to 1200 16 Apr 2014 (index  1622 to  1660,   39 times)
 Depth (M):        1 QUALITY
 YYYYMMDD HHMM   SST Q
 20131008 1200 25.57 2
 20131013 1200 26.16 2
 20131018 1200 27.29 2
 20131023 1200 26.97 2
 20131028 1200 26.95 2
 20131102 1200 27.09 2
 20131107 1200 26.96 2
 20131112 1200 26.78 2
 20131117 1200 27.02 2
 20131122 1200 26.63 2
 20131127 1200 26.80 2
 20131202 1200 26.93 2
 20131207 1200 26.41 2
 20131212 1200 25.93 2
 20131217 1200 26.05 2
 20131222 1200 26.28 2
 20131227 1200 25.74 2
 20140101 1200 25.85 2
 20140106 1200 25.55 2
 20140111 1200 25.59 2
 20140116 1200 25.98 2
 20140121 1200 25.89 2
 20140126 1200 25.91 2
 20140131 1200 25.43 2
 20140205 1200 25.58 2
 20140210 1200 25.61 2
 20140215 1200 25.62 2
 20140220 1200 25.93 2
 20140225 1200 26.08 2
 20140302 1200 26.31 2
 20140307 1200 26.72 2
 20140312 1200 26.98 2
 20140317 1200 26.74 2
 20140322 1200 26.77 2
 20140327 1200 27.02 2
 20140401 1200 27.26 2
 20140406 1200 27.59 2
 20140411 1200 27.72 2
 20140416 1200 27.56 2
 Time: 1200 17 Nov 2014 to 1200 28 Oct 2015 (index  1703 to  1772,   70 times)
 Depth (M):        1 QUALITY
 YYYYMMDD HHMM   SST Q
 20141117 1200 27.49 2
 20141122 1200 27.59 2
 20141127 1200 27.69 2
 20141202 1200 27.45 2
 20141207 1200 27.22 2
 20141212 1200 27.44 2
 20141217 1200 28.00 2
 20141222 1200 27.55 2
 20141227 1200 27.48 2
 20150101 1200 27.42 2
 20150106 1200 26.94 2
 20150111 1200 26.71 2
 20150116 1200 26.98 2
 20150121 1200 27.25 2
 20150126 1200 26.98 2
 20150131 1200 27.07 2
 20150205 1200 27.15 2
 20150210 1200 26.97 2
 20150215 1200 26.77 2
 20150220 1200 26.75 2
 20150225 1200 27.45 2
 20150302 1200 27.20 2
 20150307 1200 27.21 2
 20150312 1200 27.54 2
 20150317 1200 27.96 2
 20150322 1200 27.88 2
 20150327 1200 27.85 2
 20150401 1200 27.87 2
 20150406 1200 28.25 2
 20150411 1200 28.42 2
 20150416 1200 28.85 2
 20150421 1200 28.78 2
 20150426 1200 28.77 2
 20150501 1200 28.92 2
 20150506 1200 28.68 2
 20150511 1200 28.68 2
 20150516 1200 28.89 2
 20150521 1200 29.05 2
 20150526 1200 29.25 2
 20150531 1200 29.54 2
 20150605 1200 29.39 2
 20150610 1200 29.48 2
 20150615 1200 29.24 2
 20150620 1200 29.20 2
 20150625 1200 28.96 2
 20150630 1200 28.84 2
 20150705 1200 28.85 2
 20150710 1200 29.15 2
 20150715 1200 29.40 2
 20150720 1200 29.07 2
 20150725 1200 28.88 2
 20150730 1200 29.12 2
 20150804 1200 29.17 2
 20150809 1200 29.23 2
 20150814 1200 29.21 2
 20150819 1200 29.49 2
 20150824 1200 29.47 2
 20150829 1200 29.42 2
 20150903 1200 29.29 2
 20150908 1200 29.26 2
 20150913 1200 -9.99 0
 20150918 1200 -9.99 0
 20150923 1200 -9.99 0
 20150928 1200 29.41 2
 20151003 1200 29.51 2
 20151008 1200 29.38 2
 20151013 1200 29.73 2
 20151018 1200 29.84 2
 20151023 1200 30.09 2
 20151028 1200 30.50 2
 Time: 1200 12 Dec 2015 to 1200  3 Sep 2016 (index  1781 to  1834,   54 times)
 Depth (M):        1 QUALITY
 YYYYMMDD HHMM   SST Q
 20151212 1200 30.50 2
 20151217 1200 30.43 2
 20151222 1200 30.17 2
 20151227 1200 30.08 2
 20160101 1200 29.81 2
 20160106 1200 29.77 2
 20160111 1200 29.96 2
 20160116 1200 30.07 2
 20160121 1200 30.05 2
 20160126 1200 29.91 2
 20160131 1200 30.01 2
 20160205 1200 29.97 2
 20160210 1200 29.58 2
 20160215 1200 29.46 2
 20160220 1200 29.15 2
 20160225 1200 28.87 2
 20160301 1200 29.09 2
 20160307 1200 28.98 2
 20160312 1200 28.97 2
 20160317 1200 28.73 2
 20160322 1200 28.04 2
 20160327 1200 28.31 2
 20160401 1200 28.15 2
 20160406 1200 27.86 2
 20160411 1200 28.28 2
 20160416 1200 29.52 2
 20160421 1200 29.80 2
 20160426 1200 28.89 2
 20160501 1200 28.15 2
 20160506 1200 27.95 2
 20160511 1200 27.95 2
 20160516 1200 27.70 2
 20160521 1200 27.18 2
 20160526 1200 27.25 2
 20160531 1200 27.05 2
 20160605 1200 26.83 2
 20160610 1200 26.88 2
 20160615 1200 27.19 2
 20160620 1200 26.56 2
 20160625 1200 25.64 2
 20160630 1200 25.33 2
 20160705 1200 25.45 2
 20160710 1200 25.23 2
 20160715 1200 25.55 2
 20160720 1200 25.65 2
 20160725 1200 26.10 2
 20160730 1200 26.12 2
 20160804 1200 25.87 2
 20160809 1200 25.82 2
 20160814 1200 25.56 2
 20160819 1200 -9.99 0
 20160824 1200 -9.99 0
 20160829 1200 -9.99 0
 20160903 1200 25.38 2
 Time: 1200  8 Oct 2016 to 1200 11 May 2017 (index  1841 to  1884,   44 times)
 Depth (M):        1 QUALITY
 YYYYMMDD HHMM   SST Q
 20161008 1200 24.88 2
 20161013 1200 26.86 2
 20161018 1200 26.77 2
 20161023 1200 26.08 2
 20161028 1200 25.82 2
 20161102 1200 25.67 2
 20161107 1200 25.35 2
 20161112 1200 25.16 2
 20161117 1200 25.98 2
 20161122 1200 26.21 2
 20161127 1200 25.82 2
 20161202 1200 25.82 2
 20161207 1200 25.87 2
 20161212 1200 25.91 2
 20161217 1200 25.58 2
 20161222 1200 25.49 2
 20161227 1200 25.47 2
 20170101 1200 25.78 2
 20170106 1200 25.51 2
 20170111 1200 25.01 2
 20170116 1200 25.32 2
 20170121 1200 25.89 2
 20170126 1200 25.96 2
 20170131 1200 25.95 2
 20170205 1200 25.70 2
 20170210 1200 25.92 2
 20170215 1200 26.46 2
 20170220 1200 26.46 2
 20170225 1200 26.22 2
 20170302 1200 26.17 2
 20170307 1200 26.62 2
 20170312 1200 27.39 2
 20170317 1200 26.98 2
 20170322 1200 26.76 2
 20170327 1200 26.67 2
 20170401 1200 26.68 2
 20170406 1200 26.86 2
 20170411 1200 27.09 2
 20170416 1200 28.22 2
 20170421 1200 27.80 2
 20170426 1200 27.69 2
 20170501 1200 27.59 2
 20170506 1200 27.82 2
 20170511 1200 27.91 2
