 Location:  0N 125W  26 Apr 1984 to 23 Sep 2017 ( 2440 times, 10 blocks) Gen. Date Jun 13 2018
 Units: Sea Surface Temperature (C), -9.99 = missing
 Time: 1200 26 Apr 1984 to 1200  3 Oct 1985 (index     1 to   106,  106 times)
 Depth (M):        1 QUALITY
 YYYYMMDD HHMM   SST Q
 19840426 1200 25.93 2
 19840501 1200 26.15 2
 19840506 1200 26.44 2
 19840511 1200 25.54 2
 19840516 1200 24.91 2
 19840521 1200 24.83 2
 19840526 1200 24.88 2
 19840531 1200 23.73 2
 19840605 1200 22.57 2
 19840610 1200 22.64 2
 19840615 1200 23.06 2
 19840620 1200 22.72 2
 19840625 1200 23.18 2
 19840630 1200 23.75 2
 19840705 1200 22.76 2
 19840710 1200 23.19 2
 19840715 1200 23.29 2
 19840720 1200 22.98 2
 19840725 1200 23.07 2
 19840730 1200 23.73 2
 19840804 1200 23.99 2
 19840809 1200 23.34 2
 19840814 1200 23.92 2
 19840819 1200 22.92 2
 19840824 1200 23.54 2
 19840829 1200 23.20 2
 19840903 1200 22.60 2
 19840908 1200 22.34 2
 19840913 1200 24.22 2
 19840918 1200 23.86 2
 19840923 1200 22.85 2
 19840928 1200 23.01 2
 19841003 1200 22.91 2
 19841008 1200 22.83 2
 19841013 1200 22.75 2
 19841018 1200 22.70 2
 19841023 1200 22.96 2
 19841028 1200 22.84 2
 19841102 1200 22.63 2
 19841107 1200 22.62 2
 19841112 1200 22.73 2
 19841117 1200 22.19 2
 19841122 1200 22.09 2
 19841127 1200 22.15 2
 19841202 1200 22.89 2
 19841207 1200 22.59 2
 19841212 1200 22.35 2
 19841217 1200 22.36 2
 19841222 1200 22.34 2
 19841227 1200 22.77 2
 19850101 1200 22.50 2
 19850106 1200 22.88 2
 19850111 1200 24.58 2
 19850116 1200 22.52 2
 19850121 1200 23.10 2
 19850126 1200 22.44 2
 19850131 1200 22.65 2
 19850205 1200 22.57 2
 19850210 1200 23.03 2
 19850215 1200 23.96 2
 19850220 1200 25.28 2
 19850225 1200 25.11 2
 19850302 1200 24.99 2
 19850307 1200 24.68 2
 19850312 1200 24.62 2
 19850317 1200 24.61 2
 19850322 1200 24.42 2
 19850327 1200 24.58 2
 19850401 1200 25.03 2
 19850406 1200 24.87 2
 19850411 1200 25.33 2
 19850416 1200 24.39 2
 19850421 1200 24.82 2
 19850426 1200 25.82 2
 19850501 1200 25.45 2
 19850506 1200 25.37 2
 19850511 1200 25.07 2
 19850516 1200 25.04 2
 19850521 1200 24.81 2
 19850526 1200 24.49 2
 19850531 1200 24.86 2
 19850605 1200 25.26 2
 19850610 1200 25.01 2
 19850615 1200 24.71 2
 19850620 1200 23.89 2
 19850625 1200 24.32 2
 19850630 1200 24.46 2
 19850705 1200 22.97 2
 19850710 1200 23.23 2
 19850715 1200 23.80 2
 19850720 1200 24.04 2
 19850725 1200 23.48 2
 19850730 1200 24.63 2
 19850804 1200 24.90 2
 19850809 1200 23.49 2
 19850814 1200 23.90 2
 19850819 1200 24.23 2
 19850824 1200 24.06 2
 19850829 1200 24.13 2
 19850903 1200 23.79 2
 19850908 1200 23.54 2
 19850913 1200 23.50 2
 19850918 1200 23.50 2
 19850923 1200 22.76 2
 19850928 1200 23.41 2
 19851003 1200 24.81 2
 Time: 1200 11 May 1987 to 1200  5 Jun 1987 (index   223 to   228,    6 times)
 Depth (M):        1 QUALITY
 YYYYMMDD HHMM   SST Q
 19870511 1200 27.71 4
 19870516 1200 27.84 4
 19870521 1200 27.84 4
 19870526 1200 28.08 4
 19870531 1200 28.02 4
 19870605 1200 27.84 4
 Time: 1200 23 Oct 1987 to 1200 31 May 1990 (index   256 to   446,  191 times)
 Depth (M):        1 QUALITY
 YYYYMMDD HHMM   SST Q
 19871023 1200 25.47 1
 19871028 1200 25.52 1
 19871102 1200 25.32 1
 19871107 1200 24.53 1
 19871112 1200 24.85 1
 19871117 1200 24.67 1
 19871122 1200 24.74 1
 19871127 1200 24.77 1
 19871202 1200 25.01 1
 19871207 1200 25.84 1
 19871212 1200 25.08 1
 19871217 1200 24.80 1
 19871222 1200 24.57 1
 19871227 1200 24.50 1
 19880101 1200 24.45 1
 19880106 1200 25.03 1
 19880111 1200 24.23 1
 19880116 1200 24.40 1
 19880121 1200 24.74 1
 19880126 1200 24.68 1
 19880131 1200 24.89 1
 19880205 1200 26.12 1
 19880210 1200 26.21 1
 19880215 1200 25.01 1
 19880220 1200 25.66 1
 19880225 1200 26.26 1
 19880301 1200 26.51 1
 19880307 1200 26.41 1
 19880312 1200 26.47 1
 19880317 1200 25.62 1
 19880322 1200 24.72 1
 19880327 1200 23.42 1
 19880401 1200 23.48 1
 19880406 1200 23.68 1
 19880411 1200 24.29 1
 19880416 1200 24.69 1
 19880421 1200 24.99 1
 19880426 1200 24.44 1
 19880501 1200 23.81 1
 19880506 1200 20.97 1
 19880511 1200 20.19 1
 19880516 1200 20.40 1
 19880521 1200 20.56 1
 19880526 1200 21.42 1
 19880531 1200 22.13 1
 19880605 1200 22.62 1
 19880610 1200 22.90 1
 19880615 1200 22.56 1
 19880620 1200 -9.99 0
 19880625 1200 21.51 1
 19880630 1200 21.76 1
 19880705 1200 22.16 1
 19880710 1200 22.24 1
 19880715 1200 21.58 1
 19880720 1200 22.06 1
 19880725 1200 21.39 1
 19880730 1200 20.93 1
 19880804 1200 21.54 1
 19880809 1200 21.99 1
 19880814 1200 23.63 1
 19880819 1200 22.63 1
 19880824 1200 22.55 1
 19880829 1200 23.33 1
 19880903 1200 23.77 1
 19880908 1200 23.84 1
 19880913 1200 22.03 1
 19880918 1200 22.77 1
 19880923 1200 22.40 1
 19880928 1200 21.54 1
 19881003 1200 21.18 1
 19881008 1200 21.54 1
 19881013 1200 22.14 1
 19881018 1200 21.32 1
 19881023 1200 21.18 1
 19881028 1200 21.08 1
 19881102 1200 21.56 1
 19881107 1200 22.55 4
 19881112 1200 22.00 4
 19881117 1200 19.69 4
 19881122 1200 18.85 4
 19881127 1200 18.64 4
 19881202 1200 18.91 4
 19881207 1200 19.26 4
 19881212 1200 19.25 4
 19881217 1200 20.64 4
 19881222 1200 21.18 4
 19881227 1200 21.66 4
 19890101 1200 21.75 4
 19890106 1200 22.26 4
 19890111 1200 22.40 4
 19890116 1200 21.92 4
 19890121 1200 21.94 4
 19890126 1200 22.48 4
 19890131 1200 23.55 4
 19890205 1200 23.54 4
 19890210 1200 23.43 4
 19890215 1200 23.89 4
 19890220 1200 24.88 4
 19890225 1200 24.84 4
 19890302 1200 24.00 4
 19890307 1200 23.96 4
 19890312 1200 24.68 4
 19890317 1200 24.60 4
 19890322 1200 24.35 4
 19890327 1200 24.50 4
 19890401 1200 24.71 4
 19890406 1200 24.77 4
 19890411 1200 24.78 4
 19890416 1200 25.05 4
 19890421 1200 25.50 4
 19890426 1200 25.76 4
 19890501 1200 25.47 4
 19890506 1200 25.64 4
 19890511 1200 26.31 4
 19890516 1200 25.97 4
 19890521 1200 25.49 4
 19890526 1200 25.26 4
 19890531 1200 25.54 4
 19890605 1200 25.84 4
 19890610 1200 25.86 4
 19890615 1200 25.14 4
 19890620 1200 25.02 4
 19890625 1200 25.08 4
 19890630 1200 25.12 4
 19890705 1200 24.76 4
 19890710 1200 24.68 4
 19890715 1200 24.43 4
 19890720 1200 23.51 4
 19890725 1200 23.48 4
 19890730 1200 23.82 4
 19890804 1200 23.81 4
 19890809 1200 23.27 4
 19890814 1200 23.87 4
 19890819 1200 23.81 4
 19890824 1200 22.97 4
 19890829 1200 23.52 4
 19890903 1200 23.56 4
 19890908 1200 23.55 4
 19890913 1200 23.57 4
 19890918 1200 23.93 4
 19890923 1200 23.99 4
 19890928 1200 23.16 4
 19891003 1200 23.42 4
 19891008 1200 23.50 4
 19891013 1200 24.05 4
 19891018 1200 23.06 4
 19891023 1200 23.54 4
 19891028 1200 24.04 4
 19891102 1200 23.96 4
 19891107 1200 23.63 1
 19891112 1200 23.55 1
 19891117 1200 23.45 1
 19891122 1200 24.18 1
 19891127 1200 23.31 1
 19891202 1200 23.89 1
 19891207 1200 23.84 1
 19891212 1200 23.53 1
 19891217 1200 23.58 1
 19891222 1200 23.84 1
 19891227 1200 24.10 1
 19900101 1200 24.61 1
 19900106 1200 24.59 1
 19900111 1200 24.65 1
 19900116 1200 24.86 1
 19900121 1200 25.16 1
 19900126 1200 25.25 1
 19900131 1200 25.33 1
 19900205 1200 25.49 1
 19900210 1200 25.63 1
 19900215 1200 25.55 1
 19900220 1200 25.08 1
 19900225 1200 25.10 1
 19900302 1200 25.50 1
 19900307 1200 25.69 1
 19900312 1200 25.76 1
 19900317 1200 26.14 1
 19900322 1200 26.44 1
 19900327 1200 27.05 1
 19900401 1200 27.31 1
 19900406 1200 27.06 1
 19900411 1200 26.91 1
 19900416 1200 26.69 1
 19900421 1200 26.69 1
 19900426 1200 26.76 1
 19900501 1200 26.83 1
 19900506 1200 27.11 1
 19900511 1200 26.60 4
 19900516 1200 26.72 4
 19900521 1200 26.44 4
 19900526 1200 26.38 4
 19900531 1200 26.25 4
 Time: 1200 27 Nov 1990 to 1200 12 Dec 1990 (index   482 to   485,    4 times)
 Depth (M):        1 QUALITY
 YYYYMMDD HHMM   SST Q
 19901127 1200 24.00 2
 19901202 1200 23.91 2
 19901207 1200 23.60 2
 19901212 1200 23.92 2
 Time: 1200  7 Dec 1991 to 1200 12 Nov 2001 (index   557 to  1282,  726 times)
 Depth (M):        1 QUALITY
 YYYYMMDD HHMM   SST Q
 19911207 1200 25.81 4
 19911212 1200 26.11 4
 19911217 1200 26.46 4
 19911222 1200 26.47 4
 19911227 1200 26.63 4
 19920101 1200 26.69 4
 19920106 1200 26.85 4
 19920111 1200 26.97 4
 19920116 1200 27.01 4
 19920121 1200 26.97 4
 19920126 1200 27.03 4
 19920131 1200 27.28 4
 19920205 1200 27.21 4
 19920210 1200 27.33 4
 19920215 1200 27.53 4
 19920220 1200 27.44 4
 19920225 1200 27.47 4
 19920301 1200 27.44 4
 19920307 1200 27.76 4
 19920312 1200 27.57 4
 19920317 1200 27.97 4
 19920322 1200 28.18 4
 19920327 1200 28.39 4
 19920401 1200 29.08 4
 19920406 1200 28.15 4
 19920411 1200 28.29 4
 19920416 1200 28.26 4
 19920421 1200 27.97 4
 19920426 1200 27.97 4
 19920501 1200 28.30 4
 19920506 1200 28.26 4
 19920511 1200 27.70 4
 19920516 1200 27.04 4
 19920521 1200 27.03 4
 19920526 1200 26.46 4
 19920531 1200 25.71 4
 19920605 1200 25.43 4
 19920610 1200 25.26 4
 19920615 1200 24.81 4
 19920620 1200 24.16 4
 19920625 1200 24.17 4
 19920630 1200 24.67 4
 19920705 1200 24.93 4
 19920710 1200 25.59 4
 19920715 1200 24.13 4
 19920720 1200 23.89 4
 19920725 1200 24.23 4
 19920730 1200 24.21 4
 19920804 1200 23.73 4
 19920809 1200 23.37 4
 19920814 1200 24.09 4
 19920819 1200 23.81 4
 19920824 1200 23.21 4
 19920829 1200 23.70 4
 19920903 1200 23.62 4
 19920908 1200 24.11 4
 19920913 1200 24.54 4
 19920918 1200 23.49 4
 19920923 1200 23.51 4
 19920928 1200 23.65 1
 19921003 1200 23.80 1
 19921008 1200 23.71 1
 19921013 1200 24.34 1
 19921018 1200 23.36 1
 19921023 1200 23.41 1
 19921028 1200 23.76 1
 19921102 1200 23.69 1
 19921107 1200 23.28 1
 19921112 1200 23.02 1
 19921117 1200 23.79 1
 19921122 1200 23.52 1
 19921127 1200 23.38 1
 19921202 1200 23.81 1
 19921207 1200 24.23 1
 19921212 1200 24.36 1
 19921217 1200 24.41 1
 19921222 1200 24.05 1
 19921227 1200 24.69 1
 19930101 1200 24.74 1
 19930106 1200 24.42 1
 19930111 1200 24.77 1
 19930116 1200 24.25 1
 19930121 1200 24.08 1
 19930126 1200 24.77 1
 19930131 1200 25.18 1
 19930205 1200 25.26 1
 19930210 1200 25.15 1
 19930215 1200 25.73 1
 19930220 1200 25.56 1
 19930225 1200 26.36 1
 19930302 1200 25.62 1
 19930307 1200 26.16 1
 19930312 1200 26.28 1
 19930317 1200 26.68 1
 19930322 1200 26.64 1
 19930327 1200 27.31 1
 19930401 1200 27.81 1
 19930406 1200 28.32 1
 19930411 1200 28.31 1
 19930416 1200 28.02 1
 19930421 1200 27.48 1
 19930426 1200 27.66 1
 19930501 1200 27.90 1
 19930506 1200 27.67 1
 19930511 1200 27.35 1
 19930516 1200 27.42 1
 19930521 1200 27.42 1
 19930526 1200 27.28 1
 19930531 1200 27.13 1
 19930605 1200 26.63 1
 19930610 1200 26.55 1
 19930615 1200 26.52 1
 19930620 1200 26.12 1
 19930625 1200 25.99 1
 19930630 1200 25.94 1
 19930705 1200 25.21 1
 19930710 1200 23.86 1
 19930715 1200 24.23 1
 19930720 1200 24.22 1
 19930725 1200 25.61 1
 19930730 1200 24.37 1
 19930804 1200 24.64 1
 19930809 1200 24.08 1
 19930814 1200 23.86 1
 19930819 1200 23.45 1
 19930824 1200 24.01 1
 19930829 1200 23.98 1
 19930903 1200 23.89 1
 19930908 1200 23.69 1
 19930913 1200 24.15 1
 19930918 1200 24.15 1
 19930923 1200 24.94 1
 19930928 1200 26.00 1
 19931003 1200 25.03 1
 19931008 1200 24.84 1
 19931013 1200 24.89 1
 19931018 1200 24.32 1
 19931023 1200 23.93 1
 19931028 1200 24.36 1
 19931102 1200 24.36 1
 19931107 1200 24.36 1
 19931112 1200 24.49 1
 19931117 1200 24.24 1
 19931122 1200 24.17 1
 19931127 1200 24.01 1
 19931202 1200 24.10 1
 19931207 1200 24.42 1
 19931212 1200 24.76 1
 19931217 1200 24.40 1
 19931222 1200 24.29 1
 19931227 1200 23.81 1
 19940101 1200 25.25 1
 19940106 1200 24.93 1
 19940111 1200 24.36 1
 19940116 1200 24.59 1
 19940121 1200 23.79 1
 19940126 1200 23.52 1
 19940131 1200 24.15 1
 19940205 1200 24.88 1
 19940210 1200 24.61 1
 19940215 1200 24.68 1
 19940220 1200 25.08 1
 19940225 1200 24.82 1
 19940302 1200 25.78 1
 19940307 1200 25.79 1
 19940312 1200 26.82 1
 19940317 1200 26.25 1
 19940322 1200 25.70 1
 19940327 1200 25.85 1
 19940401 1200 26.47 1
 19940406 1200 25.32 1
 19940411 1200 25.84 1
 19940416 1200 25.59 1
 19940421 1200 25.63 1
 19940426 1200 25.88 1
 19940501 1200 26.19 1
 19940506 1200 25.94 1
 19940511 1200 25.55 1
 19940516 1200 26.19 1
 19940521 1200 26.49 1
 19940526 1200 26.46 1
 19940531 1200 26.62 1
 19940605 1200 26.83 1
 19940610 1200 26.32 1
 19940615 1200 26.14 1
 19940620 1200 25.71 1
 19940625 1200 25.36 1
 19940630 1200 24.35 1
 19940705 1200 23.88 1
 19940710 1200 23.70 1
 19940715 1200 23.59 1
 19940720 1200 23.15 1
 19940725 1200 22.59 1
 19940730 1200 22.97 1
 19940804 1200 23.31 1
 19940809 1200 24.16 1
 19940814 1200 24.84 1
 19940819 1200 23.87 1
 19940824 1200 24.37 1
 19940829 1200 24.54 1
 19940903 1200 24.17 1
 19940908 1200 23.87 1
 19940913 1200 23.79 1
 19940918 1200 24.27 1
 19940923 1200 24.55 1
 19940928 1200 25.17 1
 19941003 1200 24.54 1
 19941008 1200 24.78 1
 19941013 1200 24.56 1
 19941018 1200 24.69 1
 19941023 1200 24.91 1
 19941028 1200 24.96 1
 19941102 1200 25.15 1
 19941107 1200 25.26 1
 19941112 1200 25.22 1
 19941117 1200 25.40 1
 19941122 1200 25.52 1
 19941127 1200 25.70 1
 19941202 1200 25.69 1
 19941207 1200 25.51 1
 19941212 1200 25.39 1
 19941217 1200 25.30 1
 19941222 1200 26.03 1
 19941227 1200 26.06 1
 19950101 1200 25.20 1
 19950106 1200 24.74 1
 19950111 1200 24.49 1
 19950116 1200 24.36 1
 19950121 1200 24.54 1
 19950126 1200 24.87 1
 19950131 1200 26.13 1
 19950205 1200 26.07 1
 19950210 1200 26.02 1
 19950215 1200 25.97 1
 19950220 1200 25.81 1
 19950225 1200 25.79 1
 19950302 1200 25.39 1
 19950307 1200 24.63 1
 19950312 1200 24.32 1
 19950317 1200 24.92 1
 19950322 1200 25.48 1
 19950327 1200 25.86 1
 19950401 1200 26.52 1
 19950406 1200 25.70 1
 19950411 1200 25.84 1
 19950416 1200 26.06 1
 19950421 1200 25.68 1
 19950426 1200 25.42 1
 19950501 1200 25.41 1
 19950506 1200 25.10 1
 19950511 1200 24.95 1
 19950516 1200 24.60 1
 19950521 1200 24.63 1
 19950526 1200 24.81 1
 19950531 1200 25.12 1
 19950605 1200 25.22 1
 19950610 1200 25.56 1
 19950615 1200 25.39 1
 19950620 1200 25.22 1
 19950625 1200 25.47 1
 19950630 1200 24.94 1
 19950705 1200 24.59 1
 19950710 1200 23.82 1
 19950715 1200 24.68 1
 19950720 1200 25.45 1
 19950725 1200 24.27 1
 19950730 1200 24.24 1
 19950804 1200 24.07 1
 19950809 1200 22.71 1
 19950814 1200 22.41 1
 19950819 1200 22.54 1
 19950824 1200 22.82 1
 19950829 1200 22.03 1
 19950903 1200 22.33 1
 19950908 1200 23.37 1
 19950913 1200 22.51 1
 19950918 1200 22.49 1
 19950923 1200 22.56 1
 19950928 1200 22.14 1
 19951003 1200 21.89 1
 19951008 1200 21.94 1
 19951013 1200 22.48 1
 19951018 1200 22.29 1
 19951023 1200 22.17 1
 19951028 1200 22.46 1
 19951102 1200 22.41 1
 19951107 1200 22.54 1
 19951112 1200 22.45 1
 19951117 1200 22.54 1
 19951122 1200 23.03 1
 19951127 1200 23.17 1
 19951202 1200 22.51 1
 19951207 1200 22.10 1
 19951212 1200 22.24 1
 19951217 1200 23.25 1
 19951222 1200 22.83 1
 19951227 1200 23.48 1
 19960101 1200 23.21 1
 19960106 1200 23.57 1
 19960111 1200 24.39 1
 19960116 1200 24.88 1
 19960121 1200 24.20 1
 19960126 1200 24.29 1
 19960131 1200 24.30 1
 19960205 1200 24.70 1
 19960210 1200 23.66 1
 19960215 1200 24.56 1
 19960220 1200 24.69 1
 19960225 1200 24.30 1
 19960301 1200 24.76 1
 19960307 1200 24.37 1
 19960312 1200 25.41 1
 19960317 1200 26.62 1
 19960322 1200 25.73 1
 19960327 1200 25.07 1
 19960401 1200 24.41 1
 19960406 1200 25.19 1
 19960411 1200 25.39 1
 19960416 1200 25.61 1
 19960421 1200 25.78 1
 19960426 1200 25.66 1
 19960501 1200 25.62 1
 19960506 1200 26.15 1
 19960511 1200 26.06 1
 19960516 1200 25.11 1
 19960521 1200 25.06 1
 19960526 1200 25.36 1
 19960531 1200 25.00 1
 19960605 1200 24.96 1
 19960610 1200 25.59 1
 19960615 1200 25.18 1
 19960620 1200 25.23 1
 19960625 1200 25.07 2
 19960630 1200 25.57 2
 19960705 1200 26.02 2
 19960710 1200 25.21 2
 19960715 1200 24.70 2
 19960720 1200 24.75 2
 19960725 1200 24.05 2
 19960730 1200 24.00 2
 19960804 1200 23.44 2
 19960809 1200 23.58 2
 19960814 1200 22.95 2
 19960819 1200 22.95 2
 19960824 1200 23.68 2
 19960829 1200 23.44 2
 19960903 1200 23.66 2
 19960908 1200 24.02 2
 19960913 1200 24.34 2
 19960918 1200 24.15 2
 19960923 1200 23.50 2
 19960928 1200 23.87 2
 19961003 1200 23.20 2
 19961008 1200 23.06 2
 19961013 1200 22.95 2
 19961018 1200 23.71 2
 19961023 1200 23.36 2
 19961028 1200 23.33 2
 19961102 1200 23.54 2
 19961107 1200 23.61 2
 19961112 1200 24.06 2
 19961117 1200 23.59 2
 19961122 1200 23.29 2
 19961127 1200 23.40 2
 19961202 1200 23.24 2
 19961207 1200 24.20 2
 19961212 1200 23.27 2
 19961217 1200 23.35 2
 19961222 1200 23.26 2
 19961227 1200 23.16 2
 19970101 1200 23.00 2
 19970106 1200 22.75 2
 19970111 1200 22.93 2
 19970116 1200 23.05 2
 19970121 1200 23.55 2
 19970126 1200 23.57 2
 19970131 1200 23.82 2
 19970205 1200 24.25 2
 19970210 1200 24.52 2
 19970215 1200 24.58 2
 19970220 1200 24.99 2
 19970225 1200 25.23 2
 19970302 1200 25.61 2
 19970307 1200 25.88 2
 19970312 1200 25.93 2
 19970317 1200 26.07 2
 19970322 1200 26.90 2
 19970327 1200 27.09 2
 19970401 1200 26.18 2
 19970406 1200 26.40 2
 19970411 1200 26.20 1
 19970416 1200 26.54 1
 19970421 1200 27.23 1
 19970426 1200 27.23 1
 19970501 1200 27.25 1
 19970506 1200 27.53 1
 19970511 1200 27.66 1
 19970516 1200 27.38 1
 19970521 1200 27.40 1
 19970526 1200 27.30 1
 19970531 1200 27.39 1
 19970605 1200 27.59 1
 19970610 1200 27.81 1
 19970615 1200 27.94 1
 19970620 1200 27.83 1
 19970625 1200 27.99 1
 19970630 1200 28.14 1
 19970705 1200 28.19 1
 19970710 1200 28.07 1
 19970715 1200 28.10 1
 19970720 1200 28.00 1
 19970725 1200 27.77 1
 19970730 1200 27.84 1
 19970804 1200 27.74 1
 19970809 1200 27.70 1
 19970814 1200 27.52 1
 19970819 1200 27.57 1
 19970824 1200 27.63 1
 19970829 1200 27.38 1
 19970903 1200 27.46 1
 19970908 1200 27.41 1
 19970913 1200 27.15 1
 19970918 1200 27.69 1
 19970923 1200 27.92 1
 19970928 1200 27.75 1
 19971003 1200 28.04 1
 19971008 1200 28.26 1
 19971013 1200 28.27 1
 19971018 1200 28.31 1
 19971023 1200 28.28 1
 19971028 1200 28.19 1
 19971102 1200 28.32 1
 19971107 1200 28.49 1
 19971112 1200 28.62 1
 19971117 1200 29.02 1
 19971122 1200 28.74 1
 19971127 1200 28.77 1
 19971202 1200 28.95 1
 19971207 1200 28.78 1
 19971212 1200 29.03 1
 19971217 1200 29.07 1
 19971222 1200 28.93 1
 19971227 1200 28.84 1
 19980101 1200 28.75 1
 19980106 1200 28.87 1
 19980111 1200 28.96 1
 19980116 1200 28.92 1
 19980121 1200 28.94 1
 19980126 1200 29.05 1
 19980131 1200 29.08 1
 19980205 1200 28.65 1
 19980210 1200 28.98 1
 19980215 1200 28.79 1
 19980220 1200 28.68 1
 19980225 1200 28.79 1
 19980302 1200 28.96 1
 19980307 1200 29.20 1
 19980312 1200 29.22 1
 19980317 1200 29.15 1
 19980322 1200 29.57 1
 19980327 1200 29.10 1
 19980401 1200 29.37 1
 19980406 1200 29.21 1
 19980411 1200 29.26 1
 19980416 1200 29.05 1
 19980421 1200 29.31 1
 19980426 1200 28.91 1
 19980501 1200 28.63 1
 19980506 1200 29.64 1
 19980511 1200 28.28 1
 19980516 1200 26.59 1
 19980521 1200 25.29 1
 19980526 1200 24.89 1
 19980531 1200 23.46 1
 19980605 1200 22.67 1
 19980610 1200 23.02 1
 19980615 1200 22.59 1
 19980620 1200 22.60 1
 19980625 1200 23.43 1
 19980630 1200 22.80 1
 19980705 1200 22.74 1
 19980710 1200 22.17 1
 19980715 1200 21.50 1
 19980720 1200 22.54 1
 19980725 1200 22.85 1
 19980730 1200 22.58 1
 19980804 1200 22.19 1
 19980809 1200 22.85 1
 19980814 1200 22.67 1
 19980819 1200 22.42 1
 19980824 1200 23.37 1
 19980829 1200 23.05 1
 19980903 1200 22.53 1
 19980908 1200 23.00 1
 19980913 1200 21.25 1
 19980918 1200 22.72 1
 19980923 1200 22.39 1
 19980928 1200 21.96 1
 19981003 1200 22.44 1
 19981008 1200 22.20 1
 19981013 1200 22.54 1
 19981018 1200 22.68 1
 19981023 1200 22.46 1
 19981028 1200 22.72 1
 19981102 1200 22.56 1
 19981107 1200 21.52 1
 19981112 1200 20.68 1
 19981117 1200 21.60 1
 19981122 1200 21.09 1
 19981127 1200 21.54 1
 19981202 1200 21.12 1
 19981207 1200 20.55 1
 19981212 1200 21.21 1
 19981217 1200 21.14 1
 19981222 1200 22.11 1
 19981227 1200 20.90 1
 19990101 1200 20.48 1
 19990106 1200 20.81 1
 19990111 1200 22.52 1
 19990116 1200 22.72 1
 19990121 1200 22.28 1
 19990126 1200 23.59 1
 19990131 1200 22.62 1
 19990205 1200 23.04 1
 19990210 1200 23.69 1
 19990215 1200 23.92 1
 19990220 1200 24.75 1
 19990225 1200 25.33 1
 19990302 1200 25.59 1
 19990307 1200 25.52 1
 19990312 1200 25.15 1
 19990317 1200 24.68 1
 19990322 1200 24.92 1
 19990327 1200 24.72 1
 19990401 1200 25.03 1
 19990406 1200 -9.99 0
 19990411 1200 -9.99 0
 19990416 1200 25.02 1
 19990421 1200 26.01 1
 19990426 1200 26.54 1
 19990501 1200 25.67 1
 19990506 1200 24.96 1
 19990511 1200 24.74 1
 19990516 1200 25.13 1
 19990521 1200 24.74 1
 19990526 1200 24.45 1
 19990531 1200 24.38 1
 19990605 1200 25.19 1
 19990610 1200 24.36 1
 19990615 1200 24.09 1
 19990620 1200 24.16 1
 19990625 1200 24.47 1
 19990630 1200 24.59 1
 19990705 1200 24.19 1
 19990710 1200 24.20 1
 19990715 1200 23.84 1
 19990720 1200 24.27 1
 19990725 1200 23.57 1
 19990730 1200 23.59 1
 19990804 1200 23.26 1
 19990809 1200 22.96 1
 19990814 1200 22.00 1
 19990819 1200 22.87 1
 19990824 1200 22.67 1
 19990829 1200 21.86 1
 19990903 1200 21.91 1
 19990908 1200 21.69 1
 19990913 1200 22.06 1
 19990918 1200 22.07 1
 19990923 1200 22.66 1
 19990928 1200 22.92 1
 19991003 1200 23.05 1
 19991008 1200 22.32 1
 19991013 1200 23.21 1
 19991018 1200 23.02 1
 19991023 1200 22.07 1
 19991028 1200 22.35 1
 19991102 1200 22.01 1
 19991107 1200 22.22 1
 19991112 1200 22.25 1
 19991117 1200 21.98 1
 19991122 1200 21.32 1
 19991127 1200 20.18 1
 19991202 1200 20.21 1
 19991207 1200 21.05 1
 19991212 1200 21.67 1
 19991217 1200 21.93 1
 19991222 1200 22.45 1
 19991227 1200 22.14 1
 20000101 1200 21.74 1
 20000106 1200 21.86 1
 20000111 1200 21.11 1
 20000116 1200 21.85 1
 20000121 1200 22.26 1
 20000126 1200 22.01 1
 20000131 1200 23.00 1
 20000205 1200 23.37 1
 20000210 1200 24.57 1
 20000215 1200 24.56 1
 20000220 1200 23.91 1
 20000225 1200 24.10 1
 20000301 1200 24.06 1
 20000307 1200 24.89 1
 20000312 1200 25.16 1
 20000317 1200 25.56 1
 20000322 1200 26.09 1
 20000327 1200 26.96 1
 20000401 1200 27.46 1
 20000406 1200 26.64 1
 20000411 1200 26.49 1
 20000416 1200 26.01 1
 20000421 1200 26.18 1
 20000426 1200 25.93 1
 20000501 1200 25.98 1
 20000506 1200 25.76 1
 20000511 1200 25.77 1
 20000516 1200 25.84 1
 20000521 1200 25.62 1
 20000526 1200 25.37 1
 20000531 1200 24.75 1
 20000605 1200 24.94 1
 20000610 1200 24.85 1
 20000615 1200 24.73 1
 20000620 1200 25.15 1
 20000625 1200 25.44 1
 20000630 1200 24.86 1
 20000705 1200 25.03 1
 20000710 1200 24.67 1
 20000715 1200 24.68 1
 20000720 1200 25.48 1
 20000725 1200 23.94 1
 20000730 1200 23.66 1
 20000804 1200 23.42 1
 20000809 1200 23.17 1
 20000814 1200 23.27 1
 20000819 1200 23.72 1
 20000824 1200 23.57 1
 20000829 1200 24.13 1
 20000903 1200 23.72 1
 20000908 1200 23.62 1
 20000913 1200 23.53 1
 20000918 1200 23.30 1
 20000923 1200 23.18 1
 20000928 1200 23.40 1
 20001003 1200 23.66 1
 20001008 1200 23.55 1
 20001013 1200 23.59 1
 20001018 1200 24.22 1
 20001023 1200 23.29 1
 20001028 1200 23.99 1
 20001102 1200 23.47 1
 20001107 1200 22.87 1
 20001112 1200 22.97 1
 20001117 1200 22.65 1
 20001122 1200 22.15 1
 20001127 1200 22.77 1
 20001202 1200 24.06 1
 20001207 1200 23.55 1
 20001212 1200 23.82 1
 20001217 1200 23.06 1
 20001222 1200 23.09 1
 20001227 1200 23.35 1
 20010101 1200 23.16 1
 20010106 1200 23.89 1
 20010111 1200 23.83 1
 20010116 1200 24.75 1
 20010121 1200 25.21 1
 20010126 1200 23.77 1
 20010131 1200 24.72 1
 20010205 1200 24.91 2
 20010210 1200 24.75 2
 20010215 1200 24.74 2
 20010220 1200 25.08 2
 20010225 1200 24.97 2
 20010302 1200 25.32 2
 20010307 1200 25.45 2
 20010312 1200 26.13 2
 20010317 1200 27.47 2
 20010322 1200 27.54 2
 20010327 1200 26.79 2
 20010401 1200 26.31 2
 20010406 1200 26.21 2
 20010411 1200 26.45 2
 20010416 1200 26.32 2
 20010421 1200 26.42 2
 20010426 1200 26.29 2
 20010501 1200 26.27 2
 20010506 1200 26.10 2
 20010511 1200 25.82 2
 20010516 1200 25.50 2
 20010521 1200 25.51 2
 20010526 1200 25.69 2
 20010531 1200 25.85 2
 20010605 1200 25.82 2
 20010610 1200 25.72 2
 20010615 1200 26.35 2
 20010620 1200 26.03 2
 20010625 1200 25.69 2
 20010630 1200 25.27 2
 20010705 1200 25.08 2
 20010710 1200 24.62 2
 20010715 1200 24.39 2
 20010720 1200 24.79 2
 20010725 1200 24.29 2
 20010730 1200 24.15 2
 20010804 1200 24.20 2
 20010809 1200 24.42 2
 20010814 1200 23.80 2
 20010819 1200 24.49 2
 20010824 1200 24.29 2
 20010829 1200 23.75 2
 20010903 1200 23.11 2
 20010908 1200 23.39 2
 20010913 1200 23.38 2
 20010918 1200 23.37 2
 20010923 1200 23.49 2
 20010928 1200 23.41 2
 20011003 1200 23.28 2
 20011008 1200 23.45 2
 20011013 1200 24.15 2
 20011018 1200 24.35 2
 20011023 1200 24.09 2
 20011028 1200 23.89 2
 20011102 1200 23.77 2
 20011107 1200 23.64 2
 20011112 1200 23.97 2
 Time: 1200 21 Apr 2002 to 1200 12 Nov 2003 (index  1314 to  1428,  115 times)
 Depth (M):        1 QUALITY
 YYYYMMDD HHMM   SST Q
 20020421 1200 26.64 1
 20020426 1200 26.48 1
 20020501 1200 26.70 1
 20020506 1200 27.31 1
 20020511 1200 26.45 1
 20020516 1200 25.91 1
 20020521 1200 26.04 1
 20020526 1200 26.69 1
 20020531 1200 26.86 1
 20020605 1200 27.06 1
 20020610 1200 27.09 1
 20020615 1200 26.96 1
 20020620 1200 27.08 1
 20020625 1200 26.74 1
 20020630 1200 26.24 1
 20020705 1200 26.28 1
 20020710 1200 26.11 1
 20020715 1200 25.22 1
 20020720 1200 25.22 1
 20020725 1200 25.14 1
 20020730 1200 25.31 1
 20020804 1200 25.29 1
 20020809 1200 24.98 1
 20020814 1200 25.28 1
 20020819 1200 25.12 1
 20020824 1200 24.52 1
 20020829 1200 24.70 1
 20020903 1200 25.31 1
 20020908 1200 24.92 1
 20020913 1200 25.00 1
 20020918 1200 24.94 1
 20020923 1200 24.58 1
 20020928 1200 24.69 1
 20021003 1200 25.04 1
 20021008 1200 25.91 1
 20021013 1200 25.69 1
 20021018 1200 25.38 1
 20021023 1200 25.24 1
 20021028 1200 25.30 1
 20021102 1200 25.76 1
 20021107 1200 25.97 1
 20021112 1200 26.02 1
 20021117 1200 26.15 1
 20021122 1200 26.35 1
 20021127 1200 26.36 1
 20021202 1200 26.37 1
 20021207 1200 26.25 1
 20021212 1200 26.01 1
 20021217 1200 25.57 1
 20021222 1200 26.10 1
 20021227 1200 25.81 1
 20030101 1200 25.87 1
 20030106 1200 25.66 1
 20030111 1200 25.66 1
 20030116 1200 25.50 1
 20030121 1200 25.53 1
 20030126 1200 25.92 1
 20030131 1200 25.65 1
 20030205 1200 25.43 1
 20030210 1200 25.52 1
 20030215 1200 25.51 1
 20030220 1200 25.83 1
 20030225 1200 25.84 1
 20030302 1200 25.42 1
 20030307 1200 25.61 1
 20030312 1200 26.21 1
 20030317 1200 27.00 1
 20030322 1200 26.60 1
 20030327 1200 26.79 1
 20030401 1200 26.66 1
 20030406 1200 26.02 1
 20030411 1200 27.31 1
 20030416 1200 25.96 1
 20030421 1200 25.35 1
 20030426 1200 25.12 1
 20030501 1200 24.87 1
 20030506 1200 24.75 1
 20030511 1200 24.55 1
 20030516 1200 25.14 1
 20030521 1200 24.89 1
 20030526 1200 24.51 1
 20030531 1200 26.03 1
 20030605 1200 24.72 1
 20030610 1200 24.23 1
 20030615 1200 24.92 1
 20030620 1200 25.29 1
 20030625 1200 25.40 1
 20030630 1200 25.03 1
 20030705 1200 25.24 1
 20030710 1200 25.46 1
 20030715 1200 25.74 1
 20030720 1200 25.29 1
 20030725 1200 25.04 1
 20030730 1200 25.31 1
 20030804 1200 24.52 1
 20030809 1200 23.75 1
 20030814 1200 23.49 1
 20030819 1200 23.78 1
 20030824 1200 23.42 1
 20030829 1200 23.74 1
 20030903 1200 23.69 1
 20030908 1200 23.97 1
 20030913 1200 24.22 1
 20030918 1200 24.24 1
 20030923 1200 25.95 1
 20030928 1200 24.71 1
 20031003 1200 24.98 1
 20031008 1200 25.17 1
 20031013 1200 25.33 1
 20031018 1200 24.37 1
 20031023 1200 24.66 1
 20031028 1200 24.42 1
 20031102 1200 24.55 1
 20031107 1200 24.78 1
 20031112 1200 24.61 1
 Time: 1200 11 May 2004 to 1200 17 Dec 2004 (index  1464 to  1508,   45 times)
 Depth (M):        1 QUALITY
 YYYYMMDD HHMM   SST Q
 20040511 1200 26.78 2
 20040516 1200 26.71 2
 20040521 1200 26.61 2
 20040526 1200 26.30 2
 20040531 1200 26.08 2
 20040605 1200 26.27 2
 20040610 1200 26.03 2
 20040615 1200 25.43 2
 20040620 1200 24.84 2
 20040625 1200 24.31 2
 20040630 1200 23.89 2
 20040705 1200 23.27 2
 20040710 1200 24.20 2
 20040715 1200 23.34 2
 20040720 1200 -9.99 0
 20040725 1200 24.93 2
 20040730 1200 25.46 2
 20040804 1200 25.78 2
 20040809 1200 25.55 2
 20040814 1200 24.94 2
 20040819 1200 24.40 2
 20040824 1200 24.93 2
 20040829 1200 24.17 2
 20040903 1200 -9.99 0
 20040908 1200 -9.99 0
 20040913 1200 -9.99 0
 20040918 1200 -9.99 0
 20040923 1200 24.68 2
 20040928 1200 24.85 2
 20041003 1200 25.01 2
 20041008 1200 24.82 2
 20041013 1200 24.64 2
 20041018 1200 24.52 2
 20041023 1200 25.05 2
 20041028 1200 24.60 2
 20041102 1200 24.65 2
 20041107 1200 24.38 2
 20041112 1200 24.18 2
 20041117 1200 24.03 2
 20041122 1200 24.49 2
 20041127 1200 24.26 2
 20041202 1200 24.65 2
 20041207 1200 24.70 2
 20041212 1200 24.80 2
 20041217 1200 25.03 2
 Time: 1200 17 Mar 2005 to 1200 18 Oct 2009 (index  1526 to  1861,  336 times)
 Depth (M):        1 QUALITY
 YYYYMMDD HHMM   SST Q
 20050317 1200 27.22 1
 20050322 1200 27.14 1
 20050327 1200 26.82 1
 20050401 1200 27.08 1
 20050406 1200 26.90 1
 20050411 1200 26.65 1
 20050416 1200 26.80 1
 20050421 1200 27.15 1
 20050426 1200 26.89 1
 20050501 1200 27.13 1
 20050506 1200 27.10 1
 20050511 1200 26.60 1
 20050516 1200 26.03 1
 20050521 1200 25.96 1
 20050526 1200 25.50 1
 20050531 1200 25.97 1
 20050605 1200 26.56 1
 20050610 1200 25.69 1
 20050615 1200 25.56 1
 20050620 1200 25.89 1
 20050625 1200 26.41 1
 20050630 1200 25.89 1
 20050705 1200 25.49 1
 20050710 1200 25.54 1
 20050715 1200 25.06 1
 20050720 1200 23.76 1
 20050725 1200 25.20 1
 20050730 1200 24.98 1
 20050804 1200 24.25 1
 20050809 1200 24.24 1
 20050814 1200 24.01 1
 20050819 1200 24.28 1
 20050824 1200 23.25 1
 20050829 1200 23.49 1
 20050903 1200 23.10 1
 20050908 1200 22.93 1
 20050913 1200 23.22 1
 20050918 1200 24.09 1
 20050923 1200 24.17 1
 20050928 1200 24.61 1
 20051003 1200 23.82 1
 20051008 1200 24.40 1
 20051013 1200 24.37 1
 20051018 1200 23.83 1
 20051023 1200 23.77 1
 20051028 1200 23.38 1
 20051102 1200 23.44 1
 20051107 1200 23.21 1
 20051112 1200 23.48 1
 20051117 1200 22.91 1
 20051122 1200 22.47 1
 20051127 1200 22.27 1
 20051202 1200 23.14 1
 20051207 1200 22.87 1
 20051212 1200 22.45 1
 20051217 1200 22.59 1
 20051222 1200 22.92 1
 20051227 1200 22.67 1
 20060101 1200 23.79 1
 20060106 1200 23.61 1
 20060111 1200 23.74 1
 20060116 1200 23.60 1
 20060121 1200 23.27 1
 20060126 1200 23.84 1
 20060131 1200 23.69 1
 20060205 1200 24.11 1
 20060210 1200 24.30 1
 20060215 1200 24.82 1
 20060220 1200 24.91 1
 20060225 1200 23.82 1
 20060302 1200 23.42 1
 20060307 1200 24.87 1
 20060312 1200 24.40 1
 20060317 1200 24.21 1
 20060322 1200 24.68 1
 20060327 1200 24.70 1
 20060401 1200 25.04 1
 20060406 1200 26.14 1
 20060411 1200 26.61 1
 20060416 1200 26.06 1
 20060421 1200 25.97 1
 20060426 1200 25.96 1
 20060501 1200 26.39 1
 20060506 1200 26.16 1
 20060511 1200 26.47 1
 20060516 1200 26.54 1
 20060521 1200 26.23 1
 20060526 1200 26.08 1
 20060531 1200 25.75 1
 20060605 1200 25.87 1
 20060610 1200 25.84 1
 20060615 1200 25.65 1
 20060620 1200 25.51 1
 20060625 1200 25.68 1
 20060630 1200 25.61 1
 20060705 1200 25.48 1
 20060710 1200 24.88 1
 20060715 1200 24.67 1
 20060720 1200 24.61 1
 20060725 1200 -9.99 0
 20060730 1200 -9.99 0
 20060804 1200 24.83 1
 20060809 1200 24.49 1
 20060814 1200 -9.99 0
 20060819 1200 -9.99 0
 20060824 1200 -9.99 0
 20060829 1200 -9.99 0
 20060903 1200 25.36 1
 20060908 1200 25.16 1
 20060913 1200 25.03 1
 20060918 1200 25.58 1
 20060923 1200 25.14 1
 20060928 1200 24.98 1
 20061003 1200 25.12 1
 20061008 1200 25.62 1
 20061013 1200 25.57 1
 20061018 1200 25.06 1
 20061023 1200 25.63 1
 20061028 1200 25.88 1
 20061102 1200 25.01 1
 20061107 1200 25.61 1
 20061112 1200 25.25 1
 20061117 1200 26.42 1
 20061122 1200 26.52 1
 20061127 1200 26.44 1
 20061202 1200 26.02 1
 20061207 1200 26.10 1
 20061212 1200 26.10 1
 20061217 1200 25.86 1
 20061222 1200 26.11 1
 20061227 1200 25.67 1
 20070101 1200 25.98 1
 20070106 1200 26.18 1
 20070111 1200 25.92 1
 20070116 1200 25.74 1
 20070121 1200 25.02 1
 20070126 1200 25.41 1
 20070131 1200 25.53 1
 20070205 1200 24.89 1
 20070210 1200 23.56 1
 20070215 1200 24.26 1
 20070220 1200 23.07 1
 20070225 1200 23.70 1
 20070302 1200 23.73 1
 20070307 1200 24.52 1
 20070312 1200 25.94 1
 20070317 1200 25.79 1
 20070322 1200 25.84 1
 20070327 1200 25.52 1
 20070401 1200 24.90 1
 20070406 1200 25.60 1
 20070411 1200 26.84 1
 20070416 1200 26.66 1
 20070421 1200 26.52 1
 20070426 1200 26.13 1
 20070501 1200 25.42 1
 20070506 1200 25.19 1
 20070511 1200 24.47 1
 20070516 1200 24.85 1
 20070521 1200 25.18 1
 20070526 1200 24.72 1
 20070531 1200 24.81 1
 20070605 1200 24.72 1
 20070610 1200 24.63 1
 20070615 1200 25.22 1
 20070620 1200 25.12 1
 20070625 1200 25.23 1
 20070630 1200 24.33 1
 20070705 1200 24.08 1
 20070710 1200 24.49 1
 20070715 1200 23.98 1
 20070720 1200 23.52 1
 20070725 1200 22.22 1
 20070730 1200 23.21 1
 20070804 1200 22.59 1
 20070809 1200 22.39 1
 20070814 1200 22.60 1
 20070819 1200 22.56 1
 20070824 1200 22.27 1
 20070829 1200 22.21 1
 20070903 1200 22.89 1
 20070908 1200 22.52 1
 20070913 1200 22.00 1
 20070918 1200 21.90 1
 20070923 1200 21.13 1
 20070928 1200 21.16 1
 20071003 1200 21.35 1
 20071008 1200 21.10 1
 20071013 1200 20.96 1
 20071018 1200 22.48 1
 20071023 1200 21.25 1
 20071028 1200 21.88 1
 20071102 1200 20.70 1
 20071107 1200 21.26 1
 20071112 1200 22.29 1
 20071117 1200 22.89 1
 20071122 1200 22.48 1
 20071127 1200 22.62 1
 20071202 1200 22.46 1
 20071207 1200 21.60 1
 20071212 1200 21.63 1
 20071217 1200 22.63 1
 20071222 1200 23.74 1
 20071227 1200 21.86 1
 20080101 1200 22.57 1
 20080106 1200 22.61 1
 20080111 1200 22.36 1
 20080116 1200 22.54 1
 20080121 1200 22.38 1
 20080126 1200 23.37 1
 20080131 1200 24.58 1
 20080205 1200 22.91 1
 20080210 1200 22.41 1
 20080215 1200 22.38 1
 20080220 1200 23.78 1
 20080225 1200 22.54 1
 20080301 1200 23.42 1
 20080307 1200 23.98 1
 20080312 1200 24.57 1
 20080317 1200 24.79 1
 20080322 1200 25.40 1
 20080327 1200 25.52 1
 20080401 1200 25.13 1
 20080406 1200 25.12 1
 20080411 1200 26.22 1
 20080416 1200 26.21 1
 20080421 1200 25.99 1
 20080426 1200 26.19 1
 20080501 1200 25.87 1
 20080506 1200 25.57 1
 20080511 1200 25.86 1
 20080516 1200 26.49 1
 20080521 1200 26.53 1
 20080526 1200 25.73 1
 20080531 1200 26.05 1
 20080605 1200 25.87 1
 20080610 1200 25.61 1
 20080615 1200 25.49 1
 20080620 1200 25.74 1
 20080625 1200 25.50 1
 20080630 1200 25.59 1
 20080705 1200 25.67 1
 20080710 1200 25.42 1
 20080715 1200 25.54 1
 20080720 1200 26.19 1
 20080725 1200 25.15 1
 20080730 1200 24.79 1
 20080804 1200 24.93 1
 20080809 1200 24.84 1
 20080814 1200 25.46 1
 20080819 1200 24.56 1
 20080824 1200 24.21 1
 20080829 1200 23.68 1
 20080903 1200 23.93 1
 20080908 1200 24.95 1
 20080913 1200 23.67 1
 20080918 1200 24.08 1
 20080923 1200 25.08 1
 20080928 1200 24.16 1
 20081003 1200 23.79 1
 20081008 1200 23.91 1
 20081013 1200 23.47 1
 20081018 1200 23.24 1
 20081023 1200 23.58 1
 20081028 1200 24.40 1
 20081102 1200 24.23 1
 20081107 1200 24.23 1
 20081112 1200 -9.99 0
 20081117 1200 24.81 2
 20081122 1200 23.92 2
 20081127 1200 24.25 2
 20081202 1200 24.01 2
 20081207 1200 23.64 2
 20081212 1200 23.59 2
 20081217 1200 23.46 2
 20081222 1200 23.90 2
 20081227 1200 22.70 2
 20090101 1200 23.69 2
 20090106 1200 23.10 2
 20090111 1200 22.34 2
 20090116 1200 23.55 2
 20090121 1200 24.01 2
 20090126 1200 23.92 2
 20090131 1200 23.83 2
 20090205 1200 23.45 2
 20090210 1200 24.65 2
 20090215 1200 25.06 2
 20090220 1200 24.89 2
 20090225 1200 24.42 2
 20090302 1200 24.73 2
 20090307 1200 24.64 2
 20090312 1200 24.77 2
 20090317 1200 24.37 2
 20090322 1200 24.38 2
 20090327 1200 24.88 2
 20090401 1200 25.00 2
 20090406 1200 25.71 2
 20090411 1200 25.98 2
 20090416 1200 26.30 2
 20090421 1200 26.03 2
 20090426 1200 26.48 2
 20090501 1200 26.92 2
 20090506 1200 26.84 2
 20090511 1200 26.66 2
 20090516 1200 26.78 2
 20090521 1200 27.13 2
 20090526 1200 26.69 2
 20090531 1200 26.57 2
 20090605 1200 26.51 2
 20090610 1200 26.70 2
 20090615 1200 26.53 2
 20090620 1200 26.28 2
 20090625 1200 26.11 2
 20090630 1200 26.20 2
 20090705 1200 26.31 2
 20090710 1200 26.27 2
 20090715 1200 26.00 2
 20090720 1200 25.92 2
 20090725 1200 25.76 2
 20090730 1200 25.51 2
 20090804 1200 25.10 2
 20090809 1200 24.65 2
 20090814 1200 24.34 2
 20090819 1200 24.62 2
 20090824 1200 24.79 2
 20090829 1200 26.25 2
 20090903 1200 26.44 2
 20090908 1200 25.76 2
 20090913 1200 25.25 2
 20090918 1200 25.39 2
 20090923 1200 25.50 2
 20090928 1200 24.70 2
 20091003 1200 24.47 2
 20091008 1200 24.33 2
 20091013 1200 24.28 2
 20091018 1200 24.10 2
 Time: 1200 21 Apr 2010 to 1200  5 Jun 2012 (index  1898 to  2053,  156 times)
 Depth (M):        1 QUALITY
 YYYYMMDD HHMM   SST Q
 20100421 1200 26.86 1
 20100426 1200 26.47 1
 20100501 1200 26.36 1
 20100506 1200 26.36 1
 20100511 1200 25.88 1
 20100516 1200 25.44 1
 20100521 1200 25.09 1
 20100526 1200 24.87 1
 20100531 1200 24.53 1
 20100605 1200 23.95 1
 20100610 1200 24.05 1
 20100615 1200 23.97 1
 20100620 1200 24.66 1
 20100625 1200 24.38 1
 20100630 1200 25.61 1
 20100705 1200 23.46 1
 20100710 1200 23.86 1
 20100715 1200 23.67 1
 20100720 1200 23.17 1
 20100725 1200 22.20 1
 20100730 1200 22.71 1
 20100804 1200 24.09 1
 20100809 1200 23.14 1
 20100814 1200 22.52 1
 20100819 1200 22.75 1
 20100824 1200 21.72 1
 20100829 1200 21.74 1
 20100903 1200 22.89 1
 20100908 1200 23.13 1
 20100913 1200 22.52 1
 20100918 1200 22.78 1
 20100923 1200 22.43 1
 20100928 1200 22.08 1
 20101003 1200 21.84 1
 20101008 1200 21.67 1
 20101013 1200 21.66 1
 20101018 1200 21.74 1
 20101023 1200 21.52 1
 20101028 1200 21.85 1
 20101102 1200 22.66 1
 20101107 1200 22.56 1
 20101112 1200 22.15 1
 20101117 1200 21.91 1
 20101122 1200 21.38 1
 20101127 1200 20.67 1
 20101202 1200 20.38 1
 20101207 1200 21.32 1
 20101212 1200 22.20 1
 20101217 1200 22.17 1
 20101222 1200 21.51 1
 20101227 1200 22.03 1
 20110101 1200 22.65 1
 20110106 1200 23.63 1
 20110111 1200 22.46 1
 20110116 1200 23.02 1
 20110121 1200 23.13 1
 20110126 1200 22.84 1
 20110131 1200 23.12 1
 20110205 1200 23.95 1
 20110210 1200 24.00 1
 20110215 1200 24.11 1
 20110220 1200 25.14 1
 20110225 1200 24.66 1
 20110302 1200 24.42 1
 20110307 1200 24.79 1
 20110312 1200 25.34 1
 20110317 1200 25.01 1
 20110322 1200 25.42 1
 20110327 1200 26.23 1
 20110401 1200 26.43 1
 20110406 1200 26.54 1
 20110411 1200 27.14 1
 20110416 1200 26.33 1
 20110421 1200 26.48 1
 20110426 1200 26.32 1
 20110501 1200 26.10 1
 20110506 1200 26.17 1
 20110511 1200 25.96 1
 20110516 1200 26.36 1
 20110521 1200 26.38 1
 20110526 1200 26.26 1
 20110531 1200 26.23 1
 20110605 1200 26.18 1
 20110610 1200 25.53 1
 20110615 1200 25.03 1
 20110620 1200 25.33 1
 20110625 1200 25.44 1
 20110630 1200 25.80 1
 20110705 1200 25.22 1
 20110710 1200 25.26 1
 20110715 1200 24.22 1
 20110720 1200 24.13 1
 20110725 1200 24.32 1
 20110730 1200 24.04 1
 20110804 1200 24.00 1
 20110809 1200 23.31 1
 20110814 1200 23.62 1
 20110819 1200 22.74 1
 20110824 1200 23.21 1
 20110829 1200 24.81 1
 20110903 1200 22.69 1
 20110908 1200 22.83 1
 20110913 1200 24.05 1
 20110918 1200 22.61 1
 20110923 1200 23.16 1
 20110928 1200 22.98 1
 20111003 1200 23.83 1
 20111008 1200 22.87 1
 20111013 1200 23.19 1
 20111018 1200 23.29 1
 20111023 1200 22.37 1
 20111028 1200 22.47 1
 20111102 1200 23.29 1
 20111107 1200 22.25 1
 20111112 1200 23.07 1
 20111117 1200 22.58 1
 20111122 1200 22.38 1
 20111127 1200 22.36 1
 20111202 1200 22.96 1
 20111207 1200 23.03 1
 20111212 1200 23.94 1
 20111217 1200 22.70 1
 20111222 1200 23.16 1
 20111227 1200 23.65 1
 20120101 1200 23.35 1
 20120106 1200 23.70 1
 20120111 1200 23.01 1
 20120116 1200 23.84 1
 20120121 1200 24.25 1
 20120126 1200 24.63 1
 20120131 1200 23.49 1
 20120205 1200 24.28 1
 20120210 1200 25.64 1
 20120215 1200 26.51 1
 20120220 1200 27.12 1
 20120225 1200 27.81 1
 20120301 1200 27.63 1
 20120307 1200 25.79 1
 20120312 1200 25.49 1
 20120317 1200 25.52 1
 20120322 1200 25.82 1
 20120327 1200 25.86 1
 20120401 1200 26.30 1
 20120406 1200 26.28 2
 20120411 1200 26.12 2
 20120416 1200 26.28 2
 20120421 1200 25.75 2
 20120426 1200 26.17 2
 20120501 1200 26.27 2
 20120506 1200 26.59 2
 20120511 1200 26.77 2
 20120516 1200 26.47 2
 20120521 1200 26.25 2
 20120526 1200 26.27 2
 20120531 1200 26.47 2
 20120605 1200 26.57 2
 Time: 1200  8 Sep 2014 to 1200 23 Sep 2017 (index  2218 to  2440,  223 times)
 Depth (M):        1 QUALITY
 YYYYMMDD HHMM   SST Q
 20140908 1200 24.73 2
 20140913 1200 24.80 2
 20140918 1200 25.17 2
 20140923 1200 25.02 2
 20140928 1200 25.23 2
 20141003 1200 25.29 2
 20141008 1200 25.15 2
 20141013 1200 25.08 2
 20141018 1200 26.44 2
 20141023 1200 25.01 2
 20141028 1200 24.82 2
 20141102 1200 25.80 2
 20141107 1200 25.83 2
 20141112 1200 24.46 2
 20141117 1200 25.00 2
 20141122 1200 25.36 2
 20141127 1200 25.38 2
 20141202 1200 25.21 2
 20141207 1200 25.21 2
 20141212 1200 25.25 2
 20141217 1200 25.30 2
 20141222 1200 25.25 2
 20141227 1200 24.94 2
 20150101 1200 24.70 2
 20150106 1200 24.78 2
 20150111 1200 24.97 2
 20150116 1200 24.99 2
 20150121 1200 24.84 2
 20150126 1200 24.87 2
 20150131 1200 25.55 2
 20150205 1200 25.43 2
 20150210 1200 25.31 2
 20150215 1200 25.34 2
 20150220 1200 25.76 2
 20150225 1200 25.68 2
 20150302 1200 25.73 2
 20150307 1200 25.95 2
 20150312 1200 25.90 2
 20150317 1200 26.72 2
 20150322 1200 27.83 2
 20150327 1200 27.76 2
 20150401 1200 27.65 2
 20150406 1200 27.71 2
 20150411 1200 27.70 2
 20150416 1200 27.81 2
 20150421 1200 27.80 2
 20150426 1200 27.79 2
 20150501 1200 27.65 2
 20150506 1200 27.84 2
 20150511 1200 27.58 2
 20150516 1200 27.61 2
 20150521 1200 27.75 2
 20150526 1200 27.98 2
 20150531 1200 27.69 2
 20150605 1200 27.89 2
 20150610 1200 28.17 2
 20150615 1200 27.76 2
 20150620 1200 27.69 2
 20150625 1200 27.49 2
 20150630 1200 27.51 2
 20150705 1200 27.52 2
 20150710 1200 27.21 2
 20150715 1200 27.65 2
 20150720 1200 27.51 2
 20150725 1200 26.98 2
 20150730 1200 27.46 2
 20150804 1200 27.70 2
 20150809 1200 27.23 2
 20150814 1200 27.18 2
 20150819 1200 27.26 2
 20150824 1200 27.46 2
 20150829 1200 27.39 2
 20150903 1200 27.41 2
 20150908 1200 27.43 2
 20150913 1200 27.85 2
 20150918 1200 27.81 2
 20150923 1200 27.55 2
 20150928 1200 27.29 2
 20151003 1200 27.19 2
 20151008 1200 27.95 2
 20151013 1200 27.42 2
 20151018 1200 27.53 2
 20151023 1200 27.53 2
 20151028 1200 27.51 2
 20151102 1200 27.57 2
 20151107 1200 27.69 2
 20151112 1200 27.92 2
 20151117 1200 28.45 2
 20151122 1200 28.30 2
 20151127 1200 28.27 2
 20151202 1200 28.17 2
 20151207 1200 28.03 2
 20151212 1200 28.05 2
 20151217 1200 27.81 2
 20151222 1200 27.93 2
 20151227 1200 27.80 2
 20160101 1200 27.65 2
 20160106 1200 27.62 2
 20160111 1200 28.11 2
 20160116 1200 27.80 2
 20160121 1200 27.66 2
 20160126 1200 27.61 2
 20160131 1200 27.76 2
 20160205 1200 27.81 2
 20160210 1200 27.92 2
 20160215 1200 27.94 2
 20160220 1200 27.96 2
 20160225 1200 28.03 2
 20160301 1200 28.18 2
 20160307 1200 28.28 2
 20160312 1200 28.27 2
 20160317 1200 28.86 2
 20160322 1200 27.77 2
 20160327 1200 27.86 2
 20160401 1200 28.34 2
 20160406 1200 27.32 2
 20160411 1200 27.56 2
 20160416 1200 27.38 2
 20160421 1200 26.62 2
 20160426 1200 25.44 2
 20160501 1200 25.36 2
 20160506 1200 25.72 2
 20160511 1200 26.20 2
 20160516 1200 24.78 2
 20160521 1200 24.06 2
 20160526 1200 24.53 2
 20160531 1200 24.32 2
 20160605 1200 24.83 2
 20160610 1200 25.49 2
 20160615 1200 25.87 2
 20160620 1200 24.10 2
 20160625 1200 24.02 2
 20160630 1200 24.45 2
 20160705 1200 23.90 2
 20160710 1200 23.81 2
 20160715 1200 23.85 2
 20160720 1200 23.38 2
 20160725 1200 23.28 2
 20160730 1200 23.57 2
 20160804 1200 23.25 2
 20160809 1200 23.28 2
 20160814 1200 22.98 2
 20160819 1200 23.62 2
 20160824 1200 23.31 2
 20160829 1200 23.83 2
 20160903 1200 22.61 2
 20160908 1200 23.03 2
 20160913 1200 23.29 2
 20160918 1200 23.48 2
 20160923 1200 24.16 2
 20160928 1200 23.60 2
 20161003 1200 22.99 2
 20161008 1200 23.09 2
 20161013 1200 22.86 2
 20161018 1200 23.58 2
 20161023 1200 23.49 2
 20161028 1200 22.83 2
 20161102 1200 22.67 2
 20161107 1200 22.88 2
 20161112 1200 24.10 2
 20161117 1200 22.91 2
 20161122 1200 23.22 2
 20161127 1200 23.19 2
 20161202 1200 23.19 2
 20161207 1200 23.35 2
 20161212 1200 23.37 2
 20161217 1200 24.07 2
 20161222 1200 24.24 2
 20161227 1200 23.61 2
 20170101 1200 24.07 2
 20170106 1200 23.54 2
 20170111 1200 24.00 2
 20170116 1200 24.90 2
 20170121 1200 24.62 2
 20170126 1200 24.13 2
 20170131 1200 24.63 2
 20170205 1200 25.51 2
 20170210 1200 25.83 2
 20170215 1200 26.23 2
 20170220 1200 25.79 2
 20170225 1200 26.48 2
 20170302 1200 26.43 2
 20170307 1200 25.88 2
 20170312 1200 26.07 2
 20170317 1200 26.44 2
 20170322 1200 26.54 2
 20170327 1200 26.84 2
 20170401 1200 27.06 2
 20170406 1200 27.34 2
 20170411 1200 26.88 2
 20170416 1200 27.81 2
 20170421 1200 28.52 2
 20170426 1200 27.09 2
 20170501 1200 26.95 2
 20170506 1200 26.24 2
 20170511 1200 26.31 2
 20170516 1200 26.82 2
 20170521 1200 26.93 2
 20170526 1200 26.76 2
 20170531 1200 26.14 2
 20170605 1200 26.36 2
 20170610 1200 26.04 2
 20170615 1200 26.10 2
 20170620 1200 26.22 2
 20170625 1200 25.41 2
 20170630 1200 25.12 2
 20170705 1200 25.22 2
 20170710 1200 25.48 2
 20170715 1200 25.61 2
 20170720 1200 24.62 2
 20170725 1200 23.92 2
 20170730 1200 24.86 2
 20170804 1200 24.26 2
 20170809 1200 23.66 2
 20170814 1200 23.66 2
 20170819 1200 23.05 2
 20170824 1200 22.08 2
 20170829 1200 23.66 2
 20170903 1200 22.86 2
 20170908 1200 22.81 2
 20170913 1200 22.48 2
 20170918 1200 23.46 2
 20170923 1200 22.76 2
